#
633,945
651,945
#
663,943
662,944
653,944
662,944
663,943
669,943
#
671,942
675,942
#
301,939
337,939
#
339,938
345,938
#
290,938
299,938
#
282,937
288,937
#
275,936
280,936
#
263,934
267,934
268,935
273,935
268,935
267,934
#
711,933
710,934
707,934
706,935
704,935
703,936
700,936
699,937
696,937
695,938
691,938
690,939
687,939
686,940
682,940
681,941
677,941
681,941
682,940
686,940
687,939
690,939
691,938
695,938
696,937
699,937
700,936
703,936
704,935
706,935
707,934
710,934
711,933
713,933
#
248,931
251,931
252,932
256,932
257,933
261,933
257,933
256,932
252,932
251,931
#
721,930
720,931
718,931
717,932
715,932
717,932
718,931
720,931
721,930
723,930
#
592,910
592,912
593,913
593,915
594,916
594,917
595,918
595,920
596,921
596,922
597,923
597,924
598,925
598,926
600,928
600,929
603,932
603,933
607,937
608,937
610,939
611,939
612,940
614,940
615,941
616,941
617,942
619,942
620,943
624,943
625,944
631,944
625,944
624,943
620,943
619,942
617,942
616,941
615,941
614,940
613,940
612,939
611,939
609,937
608,937
601,930
601,929
599,927
599,926
598,925
598,924
597,923
597,922
595,920
595,918
594,917
594,916
593,915
593,913
592,912
#
589,896
589,900
590,901
590,905
591,906
591,908
591,906
590,905
590,901
589,900
#
588,889
588,894
#
397,888
397,896
396,897
396,901
395,902
395,904
394,905
394,907
393,908
393,910
391,912
391,913
390,914
390,915
380,925
379,925
377,927
376,927
375,928
374,928
372,930
371,930
370,931
369,931
368,932
366,932
365,933
363,933
362,934
360,934
359,935
356,935
355,936
352,936
351,937
347,937
351,937
352,936
355,936
356,935
359,935
360,934
362,934
363,933
365,933
366,932
368,932
369,931
370,931
371,930
372,930
373,929
374,929
375,928
376,928
378,926
379,926
381,924
382,924
389,917
389,916
391,914
391,913
392,912
392,911
393,910
393,908
394,907
394,905
395,904
395,902
396,901
396,897
397,896
#
406,887
412,887
#
558,885
563,885
564,886
569,886
564,886
563,885
#
426,884
425,885
420,885
419,886
414,886
419,886
420,885
425,885
426,884
431,884
#
545,883
550,883
551,884
556,884
551,884
550,883
#
538,882
543,882
#
446,881
445,882
439,882
438,883
433,883
438,883
439,882
445,882
446,881
452,881
#
522,880
529,880
530,881
536,881
530,881
529,880
#
454,880
461,880
#
511,879
520,879
#
463,879
471,879
#
473,878
509,878
#
587,877
587,887
#
579,876
579,887
578,888
577,888
576,887
571,887
576,887
577,888
579,888
#
406,874
406,884
#
398,872
398,886
#
578,866
578,874
#
397,860
397,870
#
586,857
586,872
#
578,855
578,863
577,864
491,864
490,865
476,865
475,866
462,866
461,867
448,867
447,868
427,868
426,869
406,869
405,868
405,860
405,869
426,869
427,868
447,868
448,867
461,867
462,866
475,866
476,865
490,865
491,864
578,864
#
396,853
396,858
#
402,841
402,845
403,846
403,851
404,852
404,858
404,852
403,851
403,846
402,845
#
587,840
587,851
#
579,840
579,853
#
588,830
588,838
#
580,830
580,838
#
589,822
589,828
#
581,822
581,828
#
67,820
67,825
68,826
68,828
69,829
69,831
70,832
70,833
71,834
71,835
72,836
72,837
73,838
73,839
74,840
74,841
75,842
75,843
77,845
77,846
78,847
78,848
81,851
81,852
84,855
84,856
91,863
91,864
95,868
96,868
103,875
104,875
107,878
108,878
111,881
112,881
114,883
115,883
116,884
117,884
119,886
120,886
121,887
122,887
123,888
124,888
126,890
128,890
129,891
130,891
131,892
132,892
133,893
134,893
135,894
136,894
137,895
138,895
139,896
141,896
142,897
143,897
144,898
145,898
146,899
148,899
149,900
150,900
151,901
152,901
153,902
155,902
156,903
157,903
158,904
160,904
161,905
163,905
164,906
165,906
166,907
168,907
169,908
171,908
172,909
173,909
174,910
176,910
177,911
179,911
180,912
182,912
183,913
185,913
186,914
188,914
189,915
191,915
192,916
194,916
195,917
197,917
198,918
201,918
202,919
204,919
205,920
207,920
208,921
211,921
212,922
214,922
215,923
218,923
219,924
222,924
223,925
225,925
226,926
229,926
230,927
233,927
234,928
238,928
239,929
242,929
243,930
246,930
243,930
242,929
239,929
238,928
234,928
233,927
230,927
229,926
226,926
225,925
223,925
222,924
219,924
218,923
215,923
214,922
212,922
211,921
208,921
207,920
205,920
204,919
202,919
201,918
198,918
197,917
195,917
194,916
192,916
191,915
189,915
188,914
186,914
185,913
183,913
182,912
180,912
179,911
177,911
176,910
174,910
173,909
172,909
171,908
169,908
168,907
166,907
165,906
164,906
163,905
161,905
160,904
158,904
157,903
156,903
155,902
153,902
152,901
151,901
150,900
149,900
148,899
146,899
145,898
144,898
143,897
142,897
141,896
139,896
138,895
137,895
136,894
135,894
134,893
133,893
132,892
131,892
130,891
129,891
128,890
127,890
126,889
125,889
124,888
123,888
121,886
120,886
119,885
118,885
116,883
115,883
113,881
112,881
110,879
109,879
106,876
105,876
100,871
99,871
88,860
88,859
83,854
83,853
80,850
80,849
78,847
78,846
76,844
76,843
74,841
74,840
73,839
73,838
72,837
72,836
71,835
71,834
70,833
70,832
69,831
69,829
68,828
68,826
67,825
#
592,804
592,808
591,809
591,814
590,815
590,820
590,815
591,814
591,809
592,808
#
593,799
593,802
#
590,777
590,779
589,780
589,783
588,784
588,788
587,789
587,792
586,793
586,797
585,798
585,802
584,803
584,808
583,809
583,814
582,815
582,820
582,815
583,814
583,809
584,808
584,803
585,802
585,798
586,797
586,793
587,792
587,789
588,788
588,784
589,783
589,780
590,779
#
599,774
599,776
598,777
598,780
597,781
597,784
596,785
596,788
595,789
595,793
594,794
594,797
594,794
595,793
595,789
596,788
596,785
597,784
597,781
598,780
598,777
599,776
#
601,767
601,769
600,770
600,772
600,770
601,769
#
106,745
106,762
105,763
105,766
104,767
104,769
103,770
103,772
102,773
102,774
100,776
100,777
99,778
99,779
97,781
97,782
94,785
94,786
84,796
83,796
81,798
80,798
78,800
77,800
76,801
75,801
71,805
71,806
69,808
69,809
68,810
68,812
67,813
67,816
67,813
68,812
68,811
69,810
69,809
70,808
70,807
76,801
77,801
79,799
80,799
81,798
82,798
85,795
86,795
93,788
93,787
96,784
96,783
98,781
98,780
100,778
100,777
101,776
101,775
102,774
102,773
103,772
103,770
104,769
104,767
105,766
105,763
106,762
#
105,736
105,743
#
840,729
840,738
841,739
841,742
842,743
842,745
843,746
843,748
844,749
844,750
845,751
845,752
846,753
846,754
847,755
847,756
850,759
850,760
855,765
855,766
866,777
867,777
869,779
870,779
871,780
872,780
873,781
874,781
875,782
876,782
877,783
878,783
880,785
881,785
882,786
883,786
885,788
886,788
890,792
890,793
891,794
891,803
890,804
890,807
889,808
889,810
888,811
888,813
887,814
887,815
886,816
886,817
885,818
885,819
884,820
884,821
883,822
883,823
881,825
881,826
880,827
880,828
878,830
878,831
877,832
877,833
874,836
874,837
872,839
872,840
869,843
869,844
865,848
865,849
858,856
858,857
847,868
846,868
840,874
839,874
836,877
835,877
833,879
832,879
829,882
828,882
827,883
826,883
824,885
823,885
821,887
820,887
819,888
818,888
816,890
815,890
814,891
813,891
812,892
811,892
809,894
808,894
807,895
806,895
805,896
804,896
803,897
802,897
801,898
800,898
799,899
798,899
797,900
796,900
795,901
794,901
793,902
792,902
790,904
788,904
787,905
786,905
785,906
784,906
783,907
782,907
781,908
780,908
779,909
778,909
777,910
775,910
774,911
773,911
772,912
771,912
770,913
768,913
767,914
766,914
765,915
763,915
762,916
761,916
760,917
758,917
757,918
756,918
755,919
753,919
752,920
751,920
750,921
748,921
747,922
745,922
744,923
742,923
741,924
740,924
739,925
737,925
736,926
734,926
733,927
731,927
730,928
728,928
727,929
725,929
727,929
728,928
730,928
731,927
733,927
734,926
736,926
737,925
739,925
740,924
741,924
742,923
744,923
745,922
747,922
748,921
750,921
751,920
752,920
753,919
755,919
756,918
757,918
758,917
760,917
761,916
762,916
763,915
765,915
766,914
767,914
768,913
770,913
771,912
772,912
773,911
774,911
775,910
777,910
778,909
779,909
780,908
781,908
782,907
783,907
784,906
785,906
786,905
788,905
789,904
790,904
791,903
792,903
793,902
794,902
795,901
796,901
797,900
798,900
799,899
800,899
801,898
802,898
803,897
804,897
805,896
806,896
808,894
809,894
810,893
811,893
812,892
813,892
814,891
815,891
817,889
818,889
819,888
820,888
822,886
823,886
824,885
825,885
827,883
828,883
830,881
831,881
833,879
834,879
837,876
838,876
842,872
843,872
852,863
853,863
853,862
863,852
863,851
868,846
868,845
871,842
871,841
874,838
874,837
876,835
876,834
878,832
878,831
879,830
879,829
881,827
881,826
882,825
882,824
883,823
883,822
885,820
885,818
886,817
886,816
887,815
887,814
888,813
888,811
889,810
889,808
890,807
890,804
891,803
891,794
890,793
890,792
889,791
889,790
887,788
886,788
884,786
883,786
882,785
881,785
880,784
879,784
878,783
877,783
876,782
875,782
874,781
873,781
872,780
871,780
869,778
868,778
853,763
853,762
849,758
849,757
847,755
847,754
845,752
845,751
844,750
844,749
843,748
843,746
842,745
842,743
841,742
841,739
840,738
#
104,724
104,733
#
105,718
105,722
#
839,708
839,727
#
812,675
814,675
815,676
816,676
817,677
818,677
819,678
820,678
821,679
822,679
824,681
825,681
830,686
830,687
832,689
832,690
833,691
833,692
834,693
834,694
835,695
835,696
836,697
836,698
837,699
837,702
838,703
838,706
838,703
837,702
837,699
836,698
836,697
835,696
835,694
834,693
834,692
833,691
833,690
831,688
831,687
828,684
828,683
827,683
824,680
823,680
821,678
820,678
819,677
817,677
816,676
815,676
814,675
#
316,668
318,670
319,670
320,671
321,671
323,673
324,673
325,674
326,674
328,676
329,676
332,679
333,679
336,682
337,682
341,686
342,686
350,694
351,694
362,705
362,706
368,712
368,713
371,716
371,717
374,720
374,721
376,723
376,724
378,726
378,727
380,729
380,730
381,731
381,732
383,734
383,735
384,736
384,737
386,739
386,740
387,741
387,742
388,743
388,744
389,745
389,746
391,748
391,749
392,750
392,751
393,752
393,753
394,754
394,755
395,756
395,757
396,758
396,759
397,760
397,761
398,762
398,763
399,764
399,765
400,766
400,767
401,768
401,769
402,770
402,771
403,772
403,774
405,776
405,778
406,779
406,780
407,781
407,782
408,783
408,784
409,785
409,786
410,787
410,788
411,789
411,791
412,792
412,793
413,794
413,795
414,796
414,797
415,798
415,800
416,801
416,802
417,803
417,804
418,805
418,806
419,807
419,809
420,810
420,811
421,812
421,813
422,814
422,815
423,816
423,817
424,818
424,820
425,821
425,822
426,823
426,824
427,825
427,826
428,827
428,829
430,831
430,833
431,834
431,835
432,836
432,837
433,838
433,839
434,840
434,841
435,842
435,843
436,844
436,845
437,846
437,847
438,848
438,849
439,850
439,851
440,852
440,853
442,855
442,856
443,857
443,858
444,859
444,860
446,862
446,863
448,865
448,864
446,862
446,861
444,859
444,858
443,857
443,856
441,854
441,853
440,852
440,851
439,850
439,849
438,848
438,847
437,846
437,845
436,844
436,843
435,842
435,841
434,840
434,839
432,837
432,835
431,834
431,833
430,832
430,831
429,830
429,829
428,828
428,827
427,826
427,825
426,824
426,822
424,820
424,818
423,817
423,816
422,815
422,814
421,813
421,811
419,809
419,807
418,806
418,805
417,804
417,803
416,802
416,801
415,800
415,798
414,797
414,796
413,795
413,794
412,793
412,792
411,791
411,789
410,788
410,787
409,786
409,785
408,784
408,783
407,782
407,781
406,780
406,778
405,777
405,776
404,775
404,774
403,773
403,772
402,771
402,770
401,769
401,768
400,767
400,765
399,764
399,763
398,762
398,761
397,760
397,759
396,758
396,757
395,756
395,755
394,754
394,753
393,752
393,751
391,749
391,748
390,747
390,746
389,745
389,744
388,743
388,742
387,741
387,740
386,739
386,738
384,736
384,735
383,734
383,733
381,731
381,730
380,729
380,728
378,726
378,725
376,723
376,722
374,720
374,719
371,716
371,715
368,712
368,711
361,704
361,703
352,694
351,694
343,686
342,686
338,682
337,682
334,679
333,679
330,676
329,676
327,674
326,674
325,673
324,673
322,671
321,671
320,670
319,670
317,668
#
902,659
902,671
#
713,633
712,634
708,634
707,635
705,635
704,636
703,636
702,637
700,637
699,638
698,638
696,640
695,640
694,641
693,641
691,643
690,643
686,647
685,647
679,653
678,653
672,659
672,660
664,668
664,669
659,674
659,675
656,678
656,679
653,682
653,683
650,686
650,687
648,689
648,690
646,692
646,693
644,695
644,696
642,698
642,699
640,701
640,702
638,704
638,705
636,707
636,708
634,710
634,711
633,712
633,713
632,714
632,715
630,717
630,718
629,719
629,720
628,721
628,722
627,723
627,724
626,725
626,726
625,727
625,728
624,729
624,730
623,731
623,732
622,733
622,734
621,735
621,736
620,737
620,739
619,740
619,741
618,742
618,743
617,744
617,746
616,747
616,748
615,749
615,751
614,752
614,753
613,754
613,756
612,757
612,759
611,760
611,762
610,763
610,765
609,766
609,768
608,769
608,772
607,773
607,775
606,776
606,780
605,781
605,784
604,785
604,789
603,790
603,796
602,797
602,805
601,806
601,827
602,828
602,835
603,836
603,841
604,842
604,845
605,846
605,848
606,849
606,851
607,852
607,853
608,854
608,856
610,858
610,859
612,861
612,862
615,865
615,866
619,870
620,870
624,874
625,874
627,876
628,876
630,878
631,878
632,879
633,879
634,880
635,880
636,881
637,881
638,882
640,882
641,883
642,883
643,884
645,884
646,885
649,885
650,886
653,886
654,887
658,887
659,888
666,888
667,889
687,889
688,888
696,888
697,887
702,887
703,886
707,886
708,885
712,885
713,884
716,884
717,883
720,883
721,882
724,882
725,881
727,881
728,880
731,880
732,879
734,879
735,878
737,878
738,877
740,877
741,876
743,876
744,875
746,875
747,874
749,874
750,873
752,873
753,872
755,872
756,871
757,871
758,870
760,870
761,869
763,869
764,868
765,868
766,867
768,867
769,866
770,866
771,865
773,865
774,864
775,864
776,863
778,863
779,862
780,862
781,861
782,861
783,860
785,860
786,859
787,859
788,858
789,858
790,857
792,857
793,856
794,856
795,855
796,855
797,854
798,854
799,853
800,853
801,852
803,852
804,851
805,851
806,850
807,850
808,849
809,849
810,848
811,848
812,847
813,847
814,846
815,846
816,845
817,845
818,844
819,844
820,843
821,843
822,842
823,842
824,841
825,841
826,840
827,840
828,839
829,839
830,838
831,838
832,837
833,837
834,836
835,836
836,835
837,835
838,834
839,834
840,833
841,833
842,832
843,832
844,831
845,831
847,829
848,829
849,828
850,828
851,827
852,827
853,826
854,826
856,824
857,824
858,823
859,823
860,822
861,822
862,821
863,821
865,819
866,819
874,811
874,810
875,809
875,808
876,807
876,805
877,804
877,801
878,800
878,795
877,794
877,792
876,791
876,790
873,787
872,787
871,786
870,786
868,784
867,784
866,783
865,783
864,782
863,782
862,781
861,781
860,780
859,780
858,779
857,779
856,778
855,778
854,777
853,777
852,776
851,776
850,775
849,775
847,773
846,773
845,772
844,772
842,770
841,770
839,768
838,768
835,765
834,765
820,751
820,750
818,748
818,747
816,745
816,743
815,742
815,735
816,734
816,732
817,731
817,730
818,729
818,728
819,727
819,726
820,725
820,724
822,722
822,721
823,720
823,719
824,718
824,717
825,716
825,714
826,713
826,712
827,711
827,699
826,698
826,696
825,695
825,694
824,693
824,692
819,687
818,687
817,686
815,686
814,685
813,685
812,684
810,684
809,683
807,683
806,682
802,682
801,681
795,681
794,680
786,680
785,679
773,679
772,678
762,678
761,677
755,677
754,676
751,676
750,675
749,675
748,674
747,674
742,669
742,668
741,667
741,666
740,665
740,663
739,662
739,658
738,657
738,653
737,652
737,649
736,648
736,646
735,645
735,643
734,642
734,641
730,637
729,637
727,635
725,635
724,634
721,634
720,633
#
712,634
713,633
720,633
721,634
724,634
725,635
726,635
728,637
729,637
734,642
734,643
735,644
735,645
736,646
736,648
737,649
737,652
738,653
738,657
739,658
739,662
740,663
740,665
741,666
741,668
742,669
742,670
746,674
747,674
748,675
750,675
751,676
754,676
755,677
761,677
762,678
772,678
773,679
785,679
786,680
794,680
795,681
801,681
802,682
806,682
807,683
809,683
810,684
812,684
813,685
814,685
815,686
816,686
817,687
818,687
824,693
824,694
825,695
825,696
826,697
826,698
827,699
827,711
826,712
826,713
825,714
825,716
823,718
823,719
822,720
822,721
820,723
820,724
819,725
819,726
818,727
818,728
817,729
817,731
816,732
816,734
815,735
815,742
816,743
816,745
817,746
817,747
818,748
818,749
820,751
820,752
833,765
834,765
837,768
838,768
840,770
841,770
843,772
844,772
845,773
846,773
848,775
849,775
850,776
851,776
852,777
853,777
854,778
855,778
856,779
857,779
858,780
859,780
860,781
861,781
862,782
863,782
864,783
865,783
866,784
867,784
869,786
870,786
871,787
872,787
877,792
877,794
878,795
878,800
877,801
877,804
876,805
876,806
875,807
875,808
874,809
874,810
865,819
864,819
862,821
861,821
860,822
859,822
858,823
857,823
855,825
854,825
853,826
852,826
851,827
850,827
849,828
848,828
846,830
845,830
844,831
843,831
842,832
841,832
840,833
839,833
838,834
837,834
836,835
835,835
834,836
833,836
831,838
830,838
829,839
828,839
827,840
826,840
825,841
824,841
823,842
822,842
821,843
820,843
819,844
818,844
817,845
816,845
815,846
814,846
813,847
812,847
811,848
810,848
809,849
807,849
805,851
803,851
802,852
801,852
800,853
799,853
798,854
797,854
796,855
795,855
794,856
793,856
792,857
790,857
789,858
788,858
787,859
786,859
785,860
783,860
782,861
781,861
780,862
779,862
778,863
776,863
775,864
774,864
773,865
771,865
770,866
769,866
768,867
766,867
765,868
764,868
763,869
761,869
760,870
758,870
757,871
756,871
755,872
753,872
752,873
750,873
749,874
747,874
746,875
744,875
743,876
741,876
740,877
738,877
737,878
735,878
734,879
732,879
731,880
728,880
727,881
725,881
724,882
721,882
720,883
717,883
716,884
713,884
712,885
708,885
707,886
703,886
702,887
697,887
696,888
688,888
687,889
667,889
666,888
659,888
658,887
654,887
653,886
650,886
649,885
646,885
645,884
643,884
642,883
641,883
640,882
638,882
636,880
635,880
634,879
633,879
632,878
631,878
630,877
629,877
626,874
625,874
622,871
621,871
615,865
615,864
612,861
612,860
610,858
610,857
608,855
608,854
607,853
607,852
606,851
606,849
605,848
605,846
604,845
604,842
603,841
603,836
602,835
602,828
601,827
601,806
602,805
602,797
603,796
603,790
604,789
604,785
605,784
605,781
606,780
606,776
607,775
607,773
608,772
608,769
609,768
609,766
610,765
610,763
611,762
611,760
612,759
612,757
613,756
613,754
614,753
614,752
615,751
615,749
616,748
616,747
617,746
617,744
618,743
618,742
619,741
619,740
620,739
620,737
622,735
622,733
623,732
623,731
624,730
624,729
626,727
626,726
627,725
627,724
628,723
628,722
629,721
629,720
630,719
630,718
632,716
632,715
633,714
633,713
634,712
634,711
636,709
636,708
638,706
638,705
639,704
639,703
641,701
641,700
643,698
643,697
645,695
645,694
648,691
648,690
650,688
650,687
653,684
653,683
656,680
656,679
659,676
659,675
664,670
664,669
671,662
671,661
679,653
680,653
687,646
688,646
691,643
692,643
694,641
695,641
696,640
697,640
699,638
700,638
701,637
702,637
703,636
704,636
705,635
707,635
708,634
#
788,630
788,635
787,636
787,640
787,636
788,635
#
94,630
100,630
#
903,628
903,657
#
216,627
215,628
212,628
211,629
210,629
207,632
207,633
206,634
206,635
205,636
205,637
204,638
204,640
203,641
203,644
202,645
202,649
201,650
201,654
200,655
200,660
199,661
199,666
198,667
198,670
197,671
197,674
196,675
196,677
195,678
195,679
193,681
193,682
190,685
189,685
188,686
187,686
186,687
183,687
182,688
178,688
177,689
170,689
169,690
160,690
159,691
151,691
150,692
145,692
144,693
141,693
140,694
137,694
136,695
135,695
134,696
132,696
131,697
130,697
128,699
127,699
124,702
124,703
123,704
123,705
122,706
122,708
121,709
121,711
120,712
120,716
119,717
119,723
120,724
120,729
121,730
121,733
122,734
122,736
123,737
123,739
124,740
124,742
125,743
125,745
126,746
126,749
127,750
127,762
126,763
126,765
125,766
125,767
124,768
124,769
123,770
123,771
121,773
121,774
118,777
118,778
104,792
103,792
100,795
99,795
96,798
95,798
92,801
91,801
86,806
86,807
84,809
84,810
83,811
83,812
82,813
82,821
83,822
83,824
84,825
84,826
86,828
86,829
88,831
88,832
92,836
93,836
94,837
97,837
98,838
100,838
101,839
103,839
104,840
106,840
107,841
110,841
111,842
113,842
114,843
116,843
117,844
119,844
120,845
121,845
122,846
124,846
125,847
127,847
128,848
130,848
131,849
133,849
134,850
135,850
136,851
138,851
139,852
141,852
142,853
144,853
145,854
146,854
147,855
149,855
150,856
152,856
153,857
154,857
155,858
157,858
158,859
160,859
161,860
162,860
163,861
165,861
166,862
168,862
169,863
170,863
171,864
173,864
174,865
176,865
177,866
178,866
179,867
181,867
182,868
184,868
185,869
186,869
187,870
189,870
190,871
192,871
193,872
195,872
196,873
198,873
199,874
200,874
201,875
203,875
204,876
206,876
207,877
209,877
210,878
213,878
214,879
216,879
217,880
219,880
220,881
223,881
224,882
227,882
228,883
232,883
233,884
237,884
238,885
243,885
244,886
248,886
249,887
254,887
255,888
261,888
262,889
268,889
269,890
277,890
278,891
294,891
295,892
308,892
309,891
322,891
323,890
328,890
329,889
333,889
334,888
337,888
338,887
340,887
341,886
343,886
344,885
346,885
347,884
348,884
349,883
350,883
351,882
352,882
353,881
354,881
355,880
356,880
359,877
360,877
366,871
366,870
368,868
368,867
370,865
370,864
371,863
371,861
372,860
372,858
373,857
373,855
374,854
374,850
375,849
375,831
374,830
374,825
373,824
373,820
372,819
372,816
371,815
371,812
370,811
370,809
369,808
369,806
368,805
368,802
367,801
367,799
366,798
366,796
365,795
365,793
364,792
364,790
363,789
363,788
362,787
362,785
361,784
361,782
360,781
360,779
359,778
359,777
358,776
358,774
357,773
357,772
356,771
356,769
355,768
355,767
354,766
354,764
353,763
353,762
352,761
352,759
351,758
351,757
350,756
350,755
349,754
349,753
348,752
348,750
347,749
347,748
346,747
346,746
345,745
345,744
344,743
344,742
343,741
343,740
342,739
342,738
341,737
341,736
340,735
340,734
339,733
339,732
338,731
338,730
337,729
337,728
336,727
336,726
335,725
335,724
333,722
333,721
332,720
332,719
331,718
331,717
329,715
329,714
327,712
327,711
326,710
326,709
324,707
324,706
322,704
322,703
319,700
319,699
316,696
316,695
313,692
313,691
307,685
307,684
281,658
280,658
275,653
274,653
271,650
270,650
267,647
266,647
264,645
263,645
261,643
260,643
258,641
257,641
256,640
255,640
253,638
252,638
251,637
250,637
249,636
248,636
247,635
245,635
244,634
243,634
242,633
241,633
240,632
238,632
237,631
235,631
234,630
232,630
231,629
228,629
227,628
222,628
221,627
#
215,628
216,627
221,627
222,628
227,628
228,629
231,629
232,630
234,630
235,631
237,631
238,632
240,632
241,633
242,633
243,634
244,634
245,635
246,635
247,636
248,636
249,637
250,637
251,638
252,638
254,640
255,640
256,641
257,641
259,643
260,643
262,645
263,645
265,647
266,647
269,650
270,650
273,653
274,653
279,658
280,658
307,685
307,686
313,692
313,693
317,697
317,698
319,700
319,701
322,704
322,705
324,707
324,708
326,710
326,711
328,713
328,714
329,715
329,716
331,718
331,719
332,720
332,721
334,723
334,724
335,725
335,726
336,727
336,728
337,729
337,730
338,731
338,732
340,734
340,735
341,736
341,737
342,738
342,739
343,740
343,741
344,742
344,743
345,744
345,745
346,746
346,748
348,750
348,752
349,753
349,754
350,755
350,756
351,757
351,758
352,759
352,761
353,762
353,763
354,764
354,766
355,767
355,768
356,769
356,771
357,772
357,773
358,774
358,776
359,777
359,778
360,779
360,781
361,782
361,784
362,785
362,787
363,788
363,789
364,790
364,792
365,793
365,795
366,796
366,798
367,799
367,801
368,802
368,805
369,806
369,808
370,809
370,811
371,812
371,815
372,816
372,819
373,820
373,824
374,825
374,830
375,831
375,849
374,850
374,854
373,855
373,857
372,858
372,860
371,861
371,862
370,863
370,864
368,866
368,867
366,869
366,870
359,877
358,877
355,880
354,880
353,881
352,881
350,883
349,883
348,884
347,884
346,885
344,885
343,886
341,886
340,887
338,887
337,888
334,888
333,889
329,889
328,890
323,890
322,891
309,891
308,892
295,892
294,891
278,891
277,890
269,890
268,889
262,889
261,888
255,888
254,887
249,887
248,886
244,886
243,885
238,885
237,884
233,884
232,883
228,883
227,882
224,882
223,881
220,881
219,880
217,880
216,879
214,879
213,878
210,878
209,877
207,877
206,876
204,876
203,875
201,875
200,874
199,874
198,873
196,873
195,872
193,872
192,871
190,871
189,870
187,870
186,869
185,869
184,868
182,868
181,867
179,867
178,866
177,866
176,865
174,865
173,864
171,864
170,863
169,863
168,862
166,862
165,861
163,861
162,860
161,860
160,859
158,859
157,858
155,858
154,857
153,857
152,856
150,856
149,855
147,855
146,854
145,854
144,853
142,853
141,852
139,852
138,851
136,851
135,850
134,850
133,849
131,849
130,848
128,848
127,847
125,847
124,846
122,846
121,845
120,845
119,844
117,844
116,843
114,843
113,842
111,842
110,841
107,841
106,840
104,840
103,839
101,839
100,838
98,838
97,837
94,837
88,831
88,830
86,828
86,827
84,825
84,824
83,823
83,822
82,821
82,813
84,811
84,810
86,808
86,807
92,801
93,801
97,797
98,797
100,795
101,795
104,792
105,792
118,779
118,778
121,775
121,774
122,773
122,772
124,770
124,768
125,767
125,766
126,765
126,763
127,762
127,750
126,749
126,746
125,745
125,743
124,742
124,740
123,739
123,737
122,736
122,734
121,733
121,730
120,729
120,724
119,723
119,717
120,716
120,712
121,711
121,709
122,708
122,707
123,706
123,705
124,704
124,703
129,698
130,698
131,697
132,697
133,696
134,696
135,695
136,695
137,694
140,694
141,693
144,693
145,692
150,692
151,691
159,691
160,690
169,690
170,689
177,689
178,688
182,688
183,687
186,687
187,686
188,686
189,685
191,685
193,683
193,682
195,680
195,678
196,677
196,675
197,674
197,671
198,670
198,667
199,666
199,661
200,660
200,655
201,654
201,650
202,649
202,645
203,644
203,641
204,640
204,638
205,637
205,636
207,634
207,633
212,628
#
710,622
709,623
706,623
705,624
703,624
702,625
700,625
699,626
698,626
697,627
696,627
695,628
694,628
692,630
691,630
689,632
688,632
686,634
685,634
682,637
681,637
673,645
672,645
669,648
669,649
659,659
659,660
655,664
655,665
651,669
651,670
648,673
648,674
645,677
645,678
643,680
643,681
640,684
640,685
638,687
638,688
636,690
636,691
634,693
634,694
633,695
633,696
631,698
631,699
629,701
629,702
628,703
628,704
626,706
626,707
625,708
625,709
624,710
624,711
623,712
623,713
622,714
622,715
621,716
621,717
620,718
620,719
619,720
619,721
618,722
618,723
617,724
617,725
616,726
616,727
615,728
615,730
614,731
614,732
613,733
613,734
612,735
612,737
611,738
611,739
610,740
610,742
609,743
609,744
608,745
608,747
607,748
607,750
606,751
606,753
605,754
605,756
604,757
604,759
603,760
603,762
602,763
602,765
602,763
603,762
603,760
604,759
604,757
605,756
605,754
606,753
606,751
607,750
607,748
608,747
608,745
609,744
609,743
610,742
610,740
611,739
611,738
612,737
612,735
613,734
613,733
614,732
614,731
615,730
615,728
616,727
616,726
617,725
617,724
618,723
618,722
619,721
619,720
620,719
620,718
621,717
621,716
622,715
622,714
623,713
623,712
624,711
624,710
626,708
626,707
627,706
627,705
629,703
629,702
630,701
630,700
632,698
632,697
634,695
634,694
636,692
636,691
638,689
638,688
640,686
640,685
642,683
642,682
644,680
644,679
647,676
647,675
650,672
650,671
653,668
653,667
658,662
658,661
664,655
664,654
676,642
677,642
683,636
684,636
687,633
688,633
690,631
691,631
693,629
694,629
695,628
696,628
698,626
699,626
700,625
702,625
703,624
705,624
706,623
709,623
710,622
721,622
722,623
724,623
725,624
726,624
727,625
728,625
731,628
732,628
740,636
740,637
744,641
744,642
748,646
748,647
751,650
751,651
755,655
755,656
761,662
762,662
764,664
765,664
766,665
767,665
768,666
770,666
771,667
774,667
775,668
779,668
780,669
785,669
786,670
791,670
792,671
797,671
798,672
802,672
803,673
807,673
808,674
810,674
808,674
807,673
803,673
802,672
798,672
797,671
792,671
791,670
786,670
785,669
780,669
779,668
775,668
774,667
771,667
770,666
768,666
767,665
766,665
764,663
763,663
754,654
754,653
750,649
750,648
747,645
747,644
743,640
743,639
738,634
738,633
734,629
733,629
730,626
729,626
727,624
725,624
724,623
722,623
721,622
#
88,621
88,624
89,625
89,627
91,629
92,629
91,629
89,627
89,625
88,624
#
211,620
210,621
208,621
207,622
206,622
203,625
202,625
201,626
201,627
197,631
197,632
195,634
195,635
193,637
193,638
191,640
191,641
190,642
190,643
189,644
189,645
187,647
187,648
186,649
186,650
185,651
185,652
184,653
184,654
183,655
183,656
181,658
181,659
180,660
180,661
178,663
178,664
177,665
177,666
173,670
173,671
171,673
170,673
168,675
167,675
166,676
165,676
164,677
163,677
162,678
161,678
160,679
158,679
157,680
155,680
154,681
152,681
151,682
149,682
148,683
146,683
145,684
142,684
141,685
139,685
138,686
137,686
136,687
134,687
133,688
131,688
130,689
129,689
128,690
127,690
126,691
125,691
124,692
123,692
122,693
121,693
119,695
118,695
112,701
112,702
110,704
110,705
109,706
109,708
108,709
108,710
107,711
107,713
106,714
106,716
106,714
107,713
107,711
108,710
108,709
109,708
109,707
110,706
110,705
111,704
111,703
120,694
121,694
122,693
123,693
125,691
126,691
127,690
128,690
129,689
130,689
131,688
133,688
134,687
136,687
137,686
138,686
139,685
141,685
142,684
145,684
146,683
148,683
149,682
151,682
152,681
154,681
155,680
157,680
158,679
160,679
161,678
162,678
163,677
165,677
166,676
167,676
168,675
169,675
176,668
176,667
178,665
178,664
179,663
179,662
181,660
181,659
182,658
182,657
183,656
183,655
185,653
185,652
186,651
186,650
187,649
187,648
188,647
188,646
189,645
189,644
191,642
191,641
192,640
192,639
194,637
194,636
196,634
196,633
199,630
199,629
204,624
205,624
207,622
208,622
209,621
210,621
211,620
220,620
221,621
225,621
226,622
229,622
230,623
232,623
233,624
235,624
236,625
237,625
238,626
240,626
241,627
242,627
243,628
244,628
245,629
246,629
247,630
248,630
249,631
250,631
252,633
253,633
254,634
255,634
256,635
257,635
259,637
260,637
261,638
262,638
264,640
265,640
267,642
268,642
271,645
272,645
274,647
275,647
279,651
280,651
283,654
284,654
289,659
290,659
298,667
299,667
322,690
322,691
328,697
328,698
332,702
332,703
335,706
335,707
338,710
338,711
340,713
340,714
342,716
342,717
344,719
344,720
346,722
346,723
348,725
348,726
349,727
349,728
351,730
351,731
352,732
352,733
353,734
353,735
355,737
355,738
356,739
356,740
357,741
357,742
358,743
358,744
360,746
360,747
361,748
361,749
362,750
362,751
363,752
363,753
364,754
364,755
365,756
365,758
367,760
367,761
368,762
368,764
369,765
369,766
370,767
370,768
371,769
371,770
372,771
372,773
373,774
373,775
374,776
374,778
375,779
375,780
376,781
376,783
377,784
377,785
378,786
378,788
379,789
379,791
380,792
380,793
381,794
381,796
382,797
382,799
383,800
383,802
384,803
384,805
385,806
385,809
386,810
386,812
387,813
387,815
388,816
388,819
389,820
389,823
390,824
390,827
391,828
391,831
392,832
392,835
393,836
393,840
394,841
394,845
395,846
395,851
395,846
394,845
394,841
393,840
393,836
392,835
392,832
391,831
391,828
390,827
390,824
389,823
389,820
388,819
388,816
387,815
387,813
386,812
386,810
385,809
385,806
384,805
384,803
383,802
383,800
382,799
382,797
381,796
381,794
380,793
380,792
379,791
379,789
378,788
378,786
377,785
377,784
376,783
376,781
375,780
375,779
374,778
374,776
373,775
373,774
372,773
372,771
371,770
371,769
370,768
370,767
369,766
369,765
368,764
368,762
367,761
367,760
366,759
366,758
365,757
365,756
364,755
364,754
363,753
363,752
362,751
362,750
361,749
361,748
360,747
360,746
359,745
359,744
358,743
358,742
357,741
357,740
356,739
356,738
354,736
354,735
353,734
353,733
352,732
352,731
350,729
350,728
349,727
349,726
347,724
347,723
345,721
345,720
344,719
344,718
342,716
342,715
340,713
340,712
337,709
337,708
334,705
334,704
331,701
331,700
327,696
327,695
319,687
319,686
304,671
303,671
293,661
292,661
287,656
286,656
282,652
281,652
277,648
276,648
274,646
273,646
270,643
269,643
267,641
266,641
264,639
263,639
261,637
260,637
259,636
258,636
256,634
255,634
254,633
253,633
252,632
251,632
250,631
249,631
248,630
247,630
246,629
245,629
244,628
243,628
242,627
241,627
240,626
238,626
237,625
236,625
235,624
233,624
232,623
230,623
229,622
226,622
225,621
221,621
220,620
#
193,620
193,622
#
705,615
704,616
702,616
701,617
699,617
698,618
697,618
696,619
694,619
693,620
692,620
691,621
690,621
688,623
687,623
685,625
684,625
682,627
681,627
678,630
677,630
672,635
671,635
658,648
658,649
674,633
675,633
679,629
680,629
683,626
684,626
686,624
687,624
689,622
690,622
691,621
692,621
693,620
694,620
695,619
696,619
697,618
698,618
699,617
701,617
702,616
704,616
705,615
708,615
#
710,614
721,614
#
902,613
902,626
#
793,610
793,611
794,611
796,613
797,613
798,614
799,614
801,616
802,616
804,618
805,618
807,620
808,620
810,622
811,622
813,624
814,624
817,627
818,627
821,630
822,630
825,633
826,633
831,638
832,638
839,645
840,645
860,665
860,666
868,674
868,675
875,682
875,683
881,689
881,690
887,696
888,696
890,698
895,698
896,697
896,696
897,695
897,693
898,692
898,690
899,689
899,686
900,685
900,680
901,679
901,673
901,679
900,680
900,685
899,686
899,689
898,690
898,692
897,693
897,694
896,695
896,696
894,698
891,698
890,697
889,697
879,687
879,686
873,680
873,679
866,672
866,671
856,661
856,660
845,649
844,649
835,640
834,640
829,635
828,635
824,631
823,631
820,628
819,628
816,625
815,625
812,622
811,622
809,620
808,620
806,618
805,618
803,616
802,616
801,615
800,615
798,613
797,613
796,612
795,612
#
791,610
791,615
790,616
790,622
789,623
789,628
789,623
790,622
790,616
791,615
#
191,604
191,611
192,612
192,618
192,612
191,611
#
899,588
899,593
900,594
900,601
901,602
901,611
901,602
900,601
900,594
899,593
#
412,538
432,538
#
467,537
466,538
456,538
455,539
449,539
448,540
443,540
442,541
438,541
437,542
434,542
433,543
430,543
429,544
426,544
425,545
423,545
422,546
420,546
419,547
417,547
416,548
414,548
413,549
411,549
410,550
408,550
407,551
406,551
405,552
404,552
403,553
401,553
400,554
399,554
398,555
396,555
395,556
394,556
393,557
392,557
391,558
390,558
389,559
388,559
387,560
386,560
384,562
383,562
382,563
381,563
380,564
379,564
377,566
376,566
375,567
374,567
372,569
371,569
369,571
368,571
365,574
364,574
361,577
360,577
357,580
356,580
350,586
349,586
334,601
334,602
329,607
329,608
325,612
325,613
322,616
322,617
320,619
320,620
318,622
318,623
316,625
316,626
314,628
314,629
313,630
313,631
312,632
312,633
310,635
310,636
309,637
309,638
308,639
308,640
307,641
307,642
306,643
306,645
304,647
304,649
303,650
303,651
302,652
302,654
301,655
301,658
331,688
331,689
336,694
336,695
339,698
339,699
342,702
342,703
345,706
345,707
347,709
347,710
349,712
349,713
351,715
351,716
353,718
353,719
355,721
355,722
356,723
356,724
358,726
358,727
359,728
359,729
360,730
360,731
362,733
362,734
363,735
363,736
364,737
364,738
365,739
365,740
366,741
366,742
367,743
367,744
368,745
368,746
369,747
369,748
370,749
370,750
371,751
371,752
372,753
372,754
373,755
373,756
374,757
374,758
375,759
375,760
376,761
376,762
377,763
377,765
378,766
378,767
379,768
379,769
380,770
380,772
381,773
381,774
382,775
382,777
383,778
383,779
384,780
384,782
385,783
385,784
386,785
386,787
387,788
387,790
388,791
388,793
389,794
389,795
390,796
390,798
391,799
391,801
392,802
392,805
393,806
393,808
394,809
394,811
395,812
395,815
396,816
396,818
397,819
397,822
398,823
398,826
399,827
399,830
400,831
400,835
401,836
401,839
401,836
400,835
400,831
399,830
399,827
398,826
398,823
397,822
397,819
396,818
396,816
395,815
395,812
394,811
394,809
393,808
393,806
392,805
392,802
391,801
391,799
390,798
390,796
389,795
389,794
388,793
388,791
387,790
387,788
386,787
386,785
385,784
385,783
384,782
384,780
383,779
383,778
382,777
382,775
381,774
381,773
380,772
380,770
379,769
379,768
378,767
378,766
377,765
377,763
376,762
376,761
375,760
375,759
374,758
374,757
373,756
373,755
372,754
372,752
371,751
371,750
370,749
370,748
369,747
369,746
368,745
368,744
367,743
367,742
366,741
366,740
365,739
365,738
364,737
364,736
362,734
362,733
361,732
361,731
360,730
360,729
359,728
359,727
357,725
357,724
356,723
356,722
354,720
354,719
352,717
352,716
350,714
350,713
349,712
349,711
346,708
346,707
344,705
344,704
342,702
342,701
338,697
338,696
335,693
335,692
329,686
329,685
305,661
306,660
307,660
307,659
308,658
308,657
309,656
309,655
311,653
311,652
312,651
312,650
313,649
313,648
315,646
315,645
317,643
317,642
318,641
318,640
321,637
321,636
323,634
323,633
326,630
326,629
331,624
331,623
353,601
354,601
358,597
359,597
362,594
363,594
366,591
367,591
369,589
370,589
372,587
373,587
375,585
376,585
377,584
378,584
380,582
381,582
382,581
383,581
384,580
385,580
386,579
387,579
388,578
389,578
390,577
391,577
393,575
395,575
396,574
397,574
398,573
399,573
400,572
401,572
402,571
404,571
405,570
407,570
408,569
409,569
410,568
412,568
413,567
415,567
416,566
419,566
420,565
422,565
423,564
426,564
427,563
430,563
431,562
435,562
436,561
440,561
441,560
447,560
448,559
456,559
457,558
491,558
492,559
501,559
502,560
508,560
509,561
513,561
514,562
518,562
519,563
523,563
524,564
527,564
528,565
531,565
532,566
534,566
535,567
538,567
539,568
541,568
542,569
544,569
545,570
546,570
547,571
549,571
550,572
552,572
553,573
554,573
555,574
557,574
558,575
559,575
560,576
561,576
562,577
563,577
564,578
565,578
566,579
567,579
568,580
569,580
570,581
571,581
572,582
573,582
574,583
575,583
577,585
578,585
579,586
580,586
581,587
582,587
584,589
585,589
587,591
588,591
589,592
590,592
593,595
594,595
596,597
597,597
600,600
601,600
605,604
606,604
613,611
614,611
625,622
625,623
632,630
632,631
636,635
636,636
639,639
639,640
641,642
641,643
643,645
643,646
645,648
645,649
647,651
647,652
648,653
648,654
649,655
649,654
648,653
648,652
647,651
647,650
645,648
645,647
643,645
643,644
641,642
641,641
639,639
639,638
636,635
636,634
632,630
632,629
625,622
625,621
615,611
614,611
607,604
606,604
602,600
601,600
598,597
597,597
595,595
594,595
592,593
591,593
589,591
588,591
586,589
585,589
583,587
582,587
581,586
580,586
579,585
578,585
576,583
575,583
574,582
573,582
572,581
571,581
570,580
569,580
568,579
567,579
566,578
564,578
563,577
562,577
561,576
560,576
559,575
558,575
557,574
555,574
554,573
553,573
552,572
550,572
549,571
547,571
546,570
545,570
544,569
542,569
541,568
539,568
538,567
535,567
534,566
532,566
531,565
528,565
527,564
524,564
523,563
519,563
518,562
514,562
513,561
509,561
508,560
502,560
501,559
492,559
491,558
457,558
456,559
448,559
447,560
441,560
440,561
436,561
435,562
431,562
430,563
427,563
426,564
423,564
422,565
420,565
419,566
416,566
415,567
413,567
412,568
410,568
409,569
408,569
407,570
405,570
404,571
402,571
401,572
400,572
399,573
398,573
397,574
396,574
395,575
393,575
392,576
391,576
390,577
389,577
388,578
387,578
386,579
385,579
384,580
383,580
382,581
381,581
379,583
378,583
377,584
376,584
375,585
374,585
372,587
371,587
369,589
368,589
366,591
365,591
362,594
361,594
358,597
357,597
352,602
351,602
331,622
331,623
327,627
327,628
323,632
323,633
321,635
321,636
319,638
319,639
317,641
317,642
315,644
315,645
313,647
313,648
312,649
312,650
311,651
311,652
309,654
309,655
308,656
308,657
307,658
307,659
305,661
304,661
301,658
301,655
302,654
302,652
303,651
303,650
304,649
304,648
305,647
305,646
306,645
306,644
307,643
307,642
308,641
308,640
309,639
309,638
310,637
310,636
312,634
312,633
313,632
313,631
314,630
314,629
316,627
316,626
318,624
318,623
320,621
320,620
322,618
322,617
325,614
325,613
328,610
328,609
334,603
334,602
351,585
352,585
357,580
358,580
362,576
363,576
365,574
366,574
369,571
370,571
372,569
373,569
375,567
376,567
377,566
378,566
380,564
381,564
382,563
383,563
385,561
386,561
387,560
388,560
389,559
390,559
391,558
392,558
393,557
394,557
395,556
396,556
397,555
398,555
399,554
400,554
401,553
403,553
404,552
405,552
406,551
407,551
408,550
410,550
411,549
413,549
414,548
416,548
417,547
419,547
420,546
422,546
423,545
425,545
426,544
429,544
430,543
433,543
434,542
437,542
438,541
442,541
443,540
448,540
449,539
455,539
456,538
466,538
467,537
492,537
493,538
503,538
504,539
510,539
511,540
516,540
517,541
521,541
522,542
526,542
527,543
529,543
530,544
533,544
534,545
537,545
538,546
540,546
541,547
543,547
544,548
546,548
547,549
548,549
549,550
551,550
552,551
554,551
555,552
556,552
557,553
558,553
559,554
561,554
562,555
563,555
565,557
566,557
567,558
568,558
569,559
570,559
571,560
572,560
573,561
574,561
575,562
576,562
577,563
578,563
580,565
581,565
583,567
584,567
585,568
586,568
588,570
589,570
591,572
592,572
595,575
596,575
599,578
600,578
604,582
605,582
615,592
616,592
619,595
619,596
629,606
629,607
633,611
633,612
636,615
636,616
639,619
639,620
641,622
641,623
643,625
643,626
644,627
644,628
646,630
646,631
647,632
647,633
649,635
649,636
650,637
650,638
651,639
651,640
652,641
652,642
653,643
653,644
654,645
654,646
655,647
655,648
656,649
656,651
651,656
651,657
647,661
647,662
644,665
644,666
643,667
642,666
642,665
640,663
640,662
637,659
637,658
634,655
634,654
628,648
628,647
611,630
610,630
604,624
603,624
599,620
598,620
595,617
594,617
592,615
591,615
589,613
588,613
586,611
585,611
583,609
582,609
580,607
579,607
577,605
576,605
575,604
574,604
573,603
572,603
571,602
570,602
568,600
567,600
566,599
565,599
564,598
563,598
562,597
561,597
560,596
558,596
557,595
556,595
555,594
554,594
553,593
551,593
550,592
549,592
548,591
547,591
546,590
544,590
543,589
541,589
540,588
539,588
538,587
536,587
535,586
533,586
532,585
529,585
528,584
526,584
525,583
522,583
521,582
518,582
517,581
514,581
513,580
509,580
508,579
503,579
502,578
496,578
495,577
485,577
484,576
459,576
458,577
448,577
447,578
440,578
439,579
434,579
433,580
429,580
428,581
425,581
424,582
421,582
420,583
417,583
416,584
413,584
412,585
410,585
409,586
407,586
406,587
404,587
403,588
402,588
401,589
399,589
398,590
397,590
396,591
394,591
393,592
392,592
391,593
389,593
387,595
385,595
384,596
383,596
382,597
381,597
380,598
379,598
377,600
376,600
375,601
374,601
373,602
372,602
370,604
369,604
367,606
366,606
364,608
363,608
361,610
360,610
357,613
356,613
352,617
351,617
343,625
342,625
338,629
338,630
330,638
330,639
326,643
326,644
323,647
323,648
320,651
320,652
318,654
318,655
316,657
316,658
315,659
315,660
313,662
313,663
312,664
312,665
313,664
313,663
315,661
315,660
316,659
316,658
318,656
318,655
320,653
320,652
323,649
323,648
326,645
326,644
330,640
330,639
338,631
338,630
343,625
344,625
352,617
353,617
357,613
358,613
361,610
362,610
364,608
365,608
367,606
368,606
370,604
371,604
373,602
374,602
375,601
376,601
378,599
379,599
380,598
381,598
382,597
383,597
384,596
385,596
386,595
387,595
388,594
389,594
390,593
391,593
392,592
393,592
394,591
396,591
397,590
398,590
399,589
401,589
402,588
403,588
404,587
406,587
407,586
409,586
410,585
412,585
413,584
416,584
417,583
420,583
421,582
424,582
425,581
428,581
429,580
433,580
434,579
439,579
440,578
447,578
448,577
458,577
459,576
484,576
485,577
495,577
496,578
502,578
503,579
508,579
509,580
513,580
514,581
517,581
518,582
521,582
522,583
525,583
526,584
528,584
529,585
532,585
533,586
535,586
536,587
538,587
539,588
540,588
541,589
543,589
544,590
546,590
547,591
548,591
549,592
550,592
551,593
553,593
554,594
555,594
556,595
557,595
558,596
559,596
560,597
561,597
562,598
563,598
564,599
565,599
566,600
567,600
568,601
569,601
571,603
572,603
573,604
574,604
575,605
576,605
578,607
579,607
581,609
582,609
583,610
584,610
586,612
587,612
590,615
591,615
593,617
594,617
597,620
598,620
602,624
603,624
609,630
610,630
628,648
628,649
634,655
634,656
637,659
637,660
640,663
640,664
643,667
641,669
641,670
638,673
638,674
636,676
636,677
633,680
633,681
631,683
631,684
629,686
629,687
627,689
627,690
626,691
626,692
624,694
624,695
622,697
622,698
621,699
621,700
619,702
619,703
618,704
618,705
617,706
617,707
616,708
616,709
615,710
615,711
614,712
614,713
613,714
613,715
612,716
612,717
611,718
611,719
610,720
610,721
609,722
609,724
608,725
608,726
607,727
607,728
606,729
606,731
605,732
605,733
604,734
604,735
603,736
603,738
602,739
602,741
601,742
601,743
600,744
600,746
599,747
599,749
598,750
598,752
597,753
597,755
596,756
596,758
595,759
595,761
594,762
594,765
593,766
593,768
592,769
592,772
591,773
591,775
591,773
592,772
592,769
593,768
593,766
594,765
594,762
595,761
595,759
596,758
596,756
597,755
597,753
598,752
598,750
599,749
599,747
600,746
600,744
601,743
601,742
602,741
602,739
603,738
603,736
604,735
604,734
605,733
605,732
606,731
606,729
607,728
607,727
608,726
608,725
609,724
609,722
610,721
610,720
611,719
611,718
612,717
612,716
613,715
613,714
614,713
614,712
615,711
615,710
616,709
616,708
618,706
618,705
619,704
619,703
620,702
620,701
622,699
622,698
623,697
623,696
625,694
625,693
627,691
627,690
629,688
629,687
631,685
631,684
633,682
633,681
635,679
635,678
637,676
637,675
640,672
640,671
643,668
643,667
646,664
646,663
650,659
650,658
656,652
656,649
655,648
655,647
654,646
654,645
653,644
653,642
652,641
652,640
651,639
651,638
650,637
650,636
649,635
649,634
647,632
647,631
646,630
646,629
644,627
644,626
643,625
643,624
641,622
641,621
638,618
638,617
636,615
636,614
633,611
633,610
629,606
629,605
619,595
619,594
618,593
617,593
607,583
606,583
601,578
600,578
597,575
596,575
593,572
592,572
590,570
589,570
587,568
586,568
585,567
584,567
582,565
581,565
580,564
579,564
577,562
576,562
575,561
574,561
573,560
572,560
571,559
570,559
569,558
568,558
567,557
566,557
565,556
564,556
563,555
562,555
561,554
559,554
558,553
557,553
556,552
555,552
554,551
552,551
551,550
549,550
548,549
547,549
546,548
544,548
543,547
541,547
540,546
538,546
537,545
534,545
533,544
530,544
529,543
527,543
526,542
522,542
521,541
517,541
516,540
511,540
510,539
504,539
503,538
493,538
492,537
#
399,537
408,537
#
421,533
424,533
#
372,533
376,533
377,534
382,534
383,535
389,535
390,536
397,536
390,536
389,535
383,535
382,534
377,534
376,533
#
402,532
419,532
#
882,530
882,532
883,533
883,536
884,537
884,540
885,541
885,544
886,545
886,548
887,549
887,553
888,554
888,559
889,560
889,565
890,566
890,571
891,572
891,579
892,580
892,589
893,590
893,606
894,607
894,629
893,630
893,644
892,645
892,651
891,652
891,657
890,658
890,661
889,662
889,664
888,665
888,666
887,667
887,668
886,669
884,669
879,664
878,664
867,653
866,653
853,640
852,640
845,633
844,633
838,627
837,627
833,623
832,623
828,619
827,619
824,616
823,616
820,613
819,613
817,611
816,611
814,609
813,609
811,607
810,607
808,605
807,605
805,603
804,603
803,602
802,602
800,600
799,600
798,599
797,599
795,597
794,597
793,596
792,596
790,594
789,594
788,593
787,593
785,591
784,591
783,590
782,590
780,588
779,588
777,586
776,586
774,584
773,584
772,583
771,583
769,581
768,581
766,579
765,579
763,577
762,577
760,575
759,575
757,573
756,573
754,571
753,571
751,569
750,569
748,567
747,567
745,565
744,565
742,563
741,563
739,561
738,561
736,559
735,559
733,557
732,557
730,555
729,555
727,553
726,553
724,551
723,551
721,549
720,549
718,547
717,547
715,545
714,545
710,541
708,541
708,543
715,550
715,551
740,576
741,576
746,581
747,581
751,585
752,585
755,588
756,588
759,591
759,596
758,597
758,602
757,603
757,607
756,608
756,612
755,613
755,617
754,618
754,622
753,623
753,627
752,628
752,631
751,632
751,634
750,635
746,631
746,630
738,622
737,622
734,619
733,619
732,618
731,618
730,617
729,617
728,616
726,616
725,615
723,615
725,615
726,616
728,616
729,617
730,617
731,618
732,618
734,620
735,620
748,633
748,634
751,637
751,638
755,642
755,643
758,646
758,647
768,657
769,657
770,658
771,658
772,659
775,659
776,660
779,660
780,661
782,661
783,660
783,657
784,656
784,652
785,651
785,647
786,646
786,642
786,646
785,647
785,651
784,652
784,656
783,657
783,659
781,661
780,661
779,660
776,660
775,659
772,659
771,658
770,658
768,656
767,656
762,651
762,650
757,645
757,644
754,641
754,640
750,636
751,635
751,632
752,631
752,628
753,627
753,623
754,622
754,618
755,617
755,613
756,612
756,608
757,607
757,603
758,602
758,597
759,596
759,590
757,588
756,588
753,585
752,585
748,581
747,581
742,576
741,576
715,550
715,549
712,546
711,546
708,543
708,542
709,541
711,543
712,543
716,547
717,547
719,549
720,549
722,551
723,551
725,553
726,553
728,555
729,555
731,557
732,557
734,559
735,559
737,561
738,561
740,563
741,563
743,565
744,565
746,567
747,567
749,569
750,569
752,571
753,571
755,573
756,573
758,575
759,575
761,577
762,577
764,579
765,579
767,581
768,581
770,583
771,583
772,584
773,584
775,586
776,586
778,588
779,588
780,589
781,589
783,591
784,591
786,593
787,593
788,594
789,594
791,596
792,596
793,597
794,597
796,599
797,599
798,600
799,600
801,602
802,602
803,603
804,603
806,605
807,605
809,607
810,607
812,609
813,609
815,611
816,611
818,613
819,613
822,616
823,616
826,619
827,619
831,623
832,623
836,627
837,627
843,633
844,633
851,640
852,640
865,653
866,653
877,664
878,664
883,669
887,669
887,667
888,666
888,665
889,664
889,662
890,661
890,658
891,657
891,652
892,651
892,645
893,644
893,630
894,629
894,607
893,606
893,590
892,589
892,580
891,579
891,572
890,571
890,566
889,565
889,560
888,559
888,554
887,553
887,549
886,548
886,545
885,544
885,541
884,540
884,537
883,536
883,533
882,532
#
386,530
392,530
393,531
400,531
393,531
392,530
#
357,530
360,530
361,531
365,531
366,532
370,532
366,532
365,531
361,531
360,530
#
439,528
439,529
438,530
438,533
437,534
437,535
435,537
434,537
435,537
436,536
437,536
437,534
438,533
438,530
439,529
#
374,528
378,528
379,529
384,529
379,529
378,528
#
359,525
362,525
363,526
367,526
368,527
372,527
368,527
367,526
363,526
362,525
#
346,522
349,522
350,523
353,523
354,524
357,524
354,524
353,523
350,523
349,522
#
419,481
439,481
#
254,481
253,482
236,482
253,482
254,481
261,481
262,482
285,482
286,483
297,483
298,484
307,484
308,485
315,485
316,486
323,486
324,487
330,487
331,488
336,488
337,489
343,489
344,490
349,490
350,491
355,491
356,492
361,492
362,493
366,493
367,494
372,494
373,495
378,495
379,496
384,496
385,497
390,497
391,498
396,498
397,499
404,499
405,500
413,500
414,501
438,501
439,500
447,500
448,499
452,499
448,499
447,500
439,500
438,501
414,501
413,500
405,500
404,499
397,499
396,498
391,498
390,497
385,497
384,496
379,496
378,495
373,495
372,494
367,494
366,493
362,493
361,492
356,492
355,491
350,491
349,490
344,490
343,489
337,489
336,488
331,488
330,487
324,487
323,486
316,486
315,485
308,485
307,484
298,484
297,483
286,483
285,482
262,482
261,481
#
406,480
415,480
#
210,480
210,482
209,483
209,489
208,490
208,497
207,498
207,505
206,506
206,514
205,515
205,524
204,525
204,540
203,541
203,563
204,564
204,580
205,581
205,590
206,591
206,599
207,600
207,606
208,607
208,611
209,612
208,613
207,613
206,614
204,614
203,615
202,615
200,617
199,617
195,621
195,622
201,616
202,616
203,615
204,615
205,614
206,614
207,613
210,613
211,612
220,612
221,613
226,613
227,614
230,614
231,615
233,615
234,616
236,616
237,617
239,617
240,618
241,618
242,619
243,619
244,620
246,620
247,621
248,621
249,622
250,622
251,623
252,623
253,624
254,624
256,626
257,626
258,627
259,627
260,628
261,628
263,630
264,630
266,632
267,632
268,633
269,633
271,635
272,635
275,638
276,638
278,640
279,640
282,643
283,643
287,647
288,647
293,652
294,652
298,656
298,655
296,653
295,653
290,648
289,648
286,645
285,645
281,641
280,641
278,639
277,639
274,636
273,636
271,634
270,634
268,632
267,632
265,630
264,630
263,629
262,629
260,627
259,627
258,626
257,626
256,625
255,625
254,624
253,624
252,623
251,623
250,622
249,622
248,621
247,621
246,620
244,620
243,619
242,619
241,618
240,618
239,617
237,617
236,616
234,616
233,615
231,615
230,614
227,614
226,613
221,613
220,612
211,612
210,613
208,611
208,607
207,606
207,600
206,599
206,591
205,590
205,581
204,580
204,564
203,563
203,541
204,540
204,525
205,524
205,515
206,514
206,506
207,505
207,498
208,497
208,490
209,489
209,483
210,482
#
396,479
404,479
#
460,478
#
415,477
428,477
#
379,477
386,477
387,478
394,478
387,478
386,477
#
457,476
456,477
455,477
454,478
451,478
450,479
447,479
446,480
441,480
446,480
447,479
450,479
451,478
454,478
455,477
456,477
457,476
459,476
#
403,476
413,476
#
370,476
377,476
#
393,475
401,475
#
361,475
368,475
#
384,474
391,474
#
351,474
359,474
#
216,474
216,475
217,476
218,476
219,477
220,477
221,478
222,478
223,479
224,479
225,480
226,480
227,481
228,481
229,482
230,482
231,483
232,483
233,484
235,484
236,485
237,485
238,486
239,486
240,487
242,487
243,488
244,488
245,489
247,489
248,490
249,490
250,491
252,491
253,492
254,492
255,493
257,493
258,494
259,494
260,495
262,495
263,496
264,496
265,497
267,497
268,498
270,498
271,499
273,499
274,500
275,500
276,501
278,501
279,502
281,502
282,503
284,503
285,504
287,504
288,505
290,505
291,506
293,506
294,507
296,507
297,508
299,508
300,509
302,509
303,510
305,510
306,511
308,511
309,512
312,512
313,513
315,513
316,514
318,514
319,515
322,515
323,516
325,516
326,517
329,517
330,518
333,518
334,519
337,519
338,520
340,520
341,521
344,521
341,521
340,520
338,520
337,519
334,519
333,518
330,518
329,517
326,517
325,516
323,516
322,515
319,515
318,514
316,514
315,513
313,513
312,512
309,512
308,511
306,511
305,510
303,510
302,509
300,509
299,508
297,508
296,507
294,507
293,506
291,506
290,505
288,505
287,504
285,504
284,503
282,503
281,502
279,502
278,501
276,501
275,500
274,500
273,499
271,499
270,498
268,498
267,497
265,497
264,496
263,496
262,495
260,495
259,494
258,494
257,493
255,493
254,492
253,492
252,491
250,491
249,490
248,490
247,489
245,489
244,488
243,488
242,487
240,487
239,486
238,486
237,485
236,485
235,484
234,484
233,483
232,483
231,482
229,482
228,481
227,481
226,480
225,480
224,479
223,479
222,478
221,478
220,477
219,477
218,476
217,476
216,475
217,474
#
522,473
551,473
#
340,473
349,473
#
219,473
226,473
#
553,472
558,472
#
515,472
520,472
#
367,472
374,472
375,473
382,473
375,473
374,472
#
328,472
338,472
#
228,472
238,472
#
358,471
365,471
#
311,471
325,471
#
240,471
252,471
#
565,470
564,471
560,471
564,471
565,470
568,470
#
348,470
356,470
#
256,470
307,470
#
455,469
454,470
452,470
451,471
450,471
449,472
447,472
446,473
444,473
443,474
440,474
439,475
436,475
435,476
430,476
435,476
436,475
439,475
440,474
443,474
444,473
446,473
447,472
449,472
450,471
451,471
452,470
454,470
455,469
456,469
459,472
459,473
459,471
457,469
#
337,469
346,469
#
178,469
#
523,468
547,468
#
324,468
335,468
#
227,468
236,468
#
210,468
210,477
213,480
214,480
215,481
216,481
217,482
218,482
219,483
220,483
221,484
222,484
223,485
224,485
225,486
226,486
227,487
229,487
230,488
231,488
232,489
233,489
234,490
235,490
236,491
238,491
239,492
240,492
241,493
243,493
244,494
245,494
246,495
247,495
248,496
250,496
251,497
252,497
253,498
255,498
256,499
258,499
259,500
260,500
261,501
263,501
264,502
266,502
267,503
268,503
269,504
271,504
272,505
274,505
275,506
277,506
278,507
279,507
280,508
282,508
283,509
285,509
286,510
288,510
289,511
291,511
292,512
294,512
295,513
297,513
298,514
300,514
301,515
304,515
305,516
307,516
308,517
310,517
311,518
313,518
314,519
317,519
318,520
320,520
321,521
324,521
325,522
327,522
328,523
331,523
332,524
335,524
336,525
339,525
340,526
343,526
344,527
347,527
348,528
351,528
352,529
355,529
352,529
351,528
348,528
347,527
344,527
343,526
340,526
339,525
336,525
335,524
332,524
331,523
328,523
327,522
325,522
324,521
321,521
320,520
318,520
317,519
314,519
313,518
311,518
310,517
308,517
307,516
305,516
304,515
301,515
300,514
298,514
297,513
295,513
294,512
292,512
291,511
289,511
288,510
286,510
285,509
283,509
282,508
280,508
279,507
278,507
277,506
275,506
274,505
272,505
271,504
269,504
268,503
267,503
266,502
264,502
263,501
261,501
260,500
259,500
258,499
256,499
255,498
253,498
252,497
251,497
250,496
248,496
247,495
246,495
245,494
244,494
243,493
241,493
240,492
239,492
238,491
236,491
235,490
234,490
233,489
232,489
231,488
230,488
229,487
227,487
226,486
225,486
224,485
223,485
222,484
221,484
220,483
219,483
218,482
217,482
216,481
215,481
213,479
212,479
210,477
#
176,468
176,469
175,470
175,471
174,472
174,473
172,475
172,476
170,478
170,479
168,481
168,482
166,484
166,485
164,487
164,488
162,490
162,491
161,492
161,493
159,495
159,496
157,498
157,499
156,500
156,501
154,503
154,504
152,506
152,507
151,508
151,509
149,511
149,512
147,514
147,515
146,516
146,517
144,519
144,520
143,521
143,522
141,524
141,525
140,526
140,527
139,528
139,529
137,531
137,532
136,533
136,534
134,536
134,537
133,538
133,539
132,540
132,541
131,542
131,543
129,545
129,546
128,547
128,548
127,549
127,550
126,551
126,552
125,553
125,554
124,555
124,556
122,558
122,559
121,560
121,561
120,562
120,563
119,564
119,565
118,566
118,568
117,569
117,570
116,571
116,572
115,573
115,574
114,575
114,577
113,578
113,579
112,580
112,582
111,583
111,584
110,585
110,587
109,588
109,591
108,592
108,596
107,597
107,599
108,600
108,603
109,603
110,604
121,604
122,603
127,603
128,602
131,602
132,601
135,601
136,600
138,600
139,599
142,599
143,598
145,598
146,597
149,597
150,596
152,596
153,595
155,595
156,594
158,594
159,593
161,593
162,592
164,592
165,591
167,591
168,590
170,590
171,589
173,589
174,588
176,588
176,574
175,573
175,552
174,551
174,515
175,514
175,494
176,493
176,480
177,479
177,471
176,470
#
175,471
176,470
177,471
177,479
176,480
176,493
175,494
175,514
174,515
174,551
175,552
175,573
176,574
176,587
175,588
174,588
173,589
171,589
170,590
168,590
167,591
165,591
164,592
162,592
161,593
159,593
158,594
156,594
155,595
153,595
152,596
150,596
149,597
146,597
145,598
143,598
142,599
139,599
138,600
136,600
135,601
132,601
131,602
128,602
127,603
122,603
121,604
110,604
108,602
108,600
107,599
107,597
108,596
108,592
109,591
109,588
110,587
110,585
111,584
111,583
112,582
112,580
113,579
113,578
114,577
114,575
116,573
116,571
117,570
117,569
118,568
118,567
119,566
119,565
120,564
120,563
121,562
121,561
122,560
122,559
123,558
123,557
124,556
124,555
126,553
126,552
127,551
127,550
128,549
128,548
129,547
129,546
130,545
130,544
132,542
132,541
133,540
133,539
134,538
134,537
136,535
136,534
137,533
137,532
139,530
139,529
140,528
140,527
141,526
141,525
143,523
143,522
144,521
144,520
146,518
146,517
147,516
147,515
149,513
149,512
151,510
151,509
152,508
152,507
154,505
154,504
155,503
155,502
157,500
157,499
159,497
159,496
161,494
161,493
162,492
162,491
164,489
164,488
166,486
166,485
168,483
168,482
170,480
170,479
171,478
171,477
173,475
173,474
175,472
#
549,467
556,467
#
307,467
322,467
#
238,467
252,467
#
558,466
562,466
#
254,466
305,466
#
572,463
571,464
568,464
567,465
564,465
567,465
568,464
571,464
572,463
574,463
#
579,461
578,462
576,462
578,462
579,461
580,461
#
470,456
470,457
471,457
472,458
473,458
474,459
476,459
478,461
480,461
481,462
482,462
483,463
485,463
486,464
487,464
488,465
490,465
491,466
493,466
494,467
496,467
497,468
500,468
501,469
504,469
505,470
508,470
509,471
513,471
509,471
508,470
505,470
504,469
501,469
500,468
497,468
496,467
494,467
493,466
491,466
490,465
488,465
487,464
486,464
485,463
483,463
482,462
481,462
480,461
479,461
478,460
477,460
476,459
475,459
474,458
473,458
472,457
471,457
#
217,440
217,441
216,442
216,446
215,447
215,452
214,453
215,452
215,447
216,446
216,442
217,441
#
194,427
194,430
191,433
191,434
189,436
189,437
187,439
187,440
185,442
185,443
183,445
183,446
181,448
181,449
179,451
179,452
177,454
177,455
175,457
175,458
173,460
173,461
171,463
171,464
169,466
169,467
168,468
168,469
166,471
166,472
164,474
164,475
162,477
162,478
161,479
161,480
159,482
159,483
157,485
157,486
156,487
156,488
154,490
154,491
152,493
152,494
151,495
151,496
149,498
149,499
147,501
147,502
146,503
146,504
144,506
144,507
143,508
143,509
141,511
141,512
140,513
140,514
138,516
138,517
137,518
137,519
135,521
135,522
134,523
134,524
133,525
133,526
131,528
131,529
130,530
130,531
128,533
128,534
127,535
127,536
126,537
126,538
124,540
124,541
123,542
123,543
122,544
122,545
121,546
121,547
119,549
119,550
118,551
118,552
117,553
117,554
116,555
116,556
114,558
114,559
113,560
113,561
112,562
112,563
111,564
111,565
110,566
110,567
109,568
109,569
108,570
108,571
107,572
107,573
106,574
106,575
105,576
105,577
104,578
104,579
103,580
103,581
102,582
102,583
101,584
101,585
100,586
100,587
99,588
99,590
98,591
98,592
97,593
97,594
96,595
96,597
95,598
95,599
94,600
94,602
93,603
93,604
92,605
92,607
91,608
91,610
90,611
90,614
89,615
89,619
89,615
90,614
90,611
91,610
91,608
92,607
92,605
93,604
93,603
94,602
94,600
95,599
95,598
96,597
96,595
97,594
97,593
98,592
98,591
99,590
99,588
100,587
100,586
102,584
102,582
103,581
103,580
104,579
104,578
105,577
105,576
106,575
106,574
107,573
107,572
108,571
108,570
110,568
110,567
111,566
111,565
112,564
112,563
113,562
113,561
114,560
114,559
115,558
115,557
116,556
116,555
118,553
118,552
119,551
119,550
120,549
120,548
121,547
121,546
123,544
123,543
124,542
124,541
125,540
125,539
127,537
127,536
128,535
128,534
129,533
129,532
131,530
131,529
132,528
132,527
133,526
133,525
135,523
135,522
136,521
136,520
138,518
138,517
139,516
139,515
141,513
141,512
142,511
142,510
144,508
144,507
145,506
145,505
147,503
147,502
149,500
149,499
150,498
150,497
152,495
152,494
153,493
153,492
155,490
155,489
157,487
157,486
158,485
158,484
160,482
160,481
162,479
162,478
164,476
164,475
165,474
165,473
167,471
167,470
169,468
169,467
171,465
171,464
172,463
172,462
174,460
174,459
176,457
176,456
178,454
178,453
180,451
180,450
182,448
182,447
184,445
184,444
186,442
186,441
188,439
188,438
190,436
190,435
192,433
193,434
193,438
192,439
192,446
191,447
191,454
190,455
190,463
189,464
189,474
188,475
188,488
187,489
187,508
186,509
186,549
187,550
187,570
188,571
188,583
189,584
189,594
190,595
190,601
188,603
186,603
185,604
183,604
182,605
181,605
180,606
178,606
177,607
175,607
174,608
173,608
172,609
170,609
169,610
167,610
166,611
164,611
163,612
162,612
161,613
159,613
158,614
156,614
155,615
153,615
152,616
150,616
149,617
147,617
146,618
144,618
143,619
141,619
140,620
138,620
137,621
135,621
134,622
131,622
130,623
128,623
127,624
124,624
123,625
121,625
120,626
117,626
116,627
113,627
112,628
108,628
107,629
102,629
107,629
108,628
112,628
113,627
116,627
117,626
120,626
121,625
123,625
124,624
127,624
128,623
130,623
131,622
134,622
135,621
137,621
138,620
140,620
141,619
143,619
144,618
146,618
147,617
149,617
150,616
152,616
153,615
155,615
156,614
158,614
159,613
161,613
162,612
163,612
164,611
166,611
167,610
169,610
170,609
172,609
173,608
174,608
175,607
177,607
178,606
180,606
181,605
182,605
183,604
185,604
186,603
188,603
189,602
190,602
190,595
189,594
189,584
188,583
188,571
187,570
187,550
186,549
186,509
187,508
187,489
188,488
188,475
189,474
189,464
190,463
190,455
191,454
191,447
192,446
192,439
193,438
193,431
194,430
#
195,421
195,425
#
197,414
196,415
196,419
196,415
197,414
199,416
199,417
202,420
202,421
206,425
206,426
220,440
221,440
225,444
218,451
218,452
215,455
215,456
214,457
214,458
213,459
213,461
212,462
212,463
211,464
211,466
211,464
212,463
212,462
213,461
213,459
215,457
215,456
217,454
217,453
221,449
221,448
225,444
225,443
223,441
222,441
205,424
205,423
201,419
201,418
198,415
198,414
#
395,392
394,393
390,393
389,394
385,394
384,395
380,395
379,396
373,396
379,396
380,395
384,395
385,394
389,394
390,393
394,393
395,392
402,392
403,393
403,395
402,396
402,402
401,403
400,403
399,402
396,402
395,401
391,401
390,400
385,400
384,399
380,399
379,398
373,398
379,398
380,399
384,399
385,400
390,400
391,401
395,401
396,402
399,402
400,403
402,403
402,396
403,395
403,392
#
390,376
389,377
385,377
384,378
381,378
380,379
377,379
376,380
373,380
372,381
369,381
368,382
365,382
364,383
362,383
361,384
358,384
357,385
355,385
354,386
351,386
350,387
348,387
347,388
345,388
344,389
342,389
341,390
339,390
338,391
336,391
335,392
333,392
332,393
330,393
329,394
327,394
326,395
324,395
323,396
322,396
321,397
319,397
318,398
316,398
315,399
314,399
313,400
311,400
310,401
309,401
308,402
306,402
305,403
304,403
303,404
301,404
300,405
299,405
298,406
297,406
296,407
294,407
293,408
292,408
291,409
290,409
289,410
288,410
287,411
286,411
285,412
284,412
283,413
282,413
281,414
279,414
278,415
277,415
276,416
275,416
273,418
272,418
271,419
270,419
269,420
268,420
267,421
266,421
265,422
264,422
263,423
262,423
260,425
259,425
258,426
257,426
255,428
254,428
252,430
251,430
250,431
249,431
246,434
245,434
243,436
242,436
239,439
238,439
233,444
232,444
224,452
224,453
221,456
221,457
219,459
219,460
218,461
218,462
217,463
217,465
216,466
216,469
225,469
217,469
216,468
216,466
217,465
217,463
219,461
219,460
220,459
220,458
223,455
223,454
235,442
236,442
240,438
241,438
244,435
245,435
247,433
248,433
250,431
251,431
253,429
254,429
256,427
257,427
258,426
259,426
261,424
262,424
263,423
264,423
265,422
266,422
268,420
269,420
270,419
271,419
272,418
273,418
274,417
275,417
276,416
277,416
278,415
279,415
280,414
281,414
282,413
283,413
284,412
285,412
286,411
287,411
288,410
289,410
290,409
291,409
292,408
293,408
294,407
296,407
297,406
298,406
299,405
300,405
301,404
303,404
304,403
305,403
306,402
308,402
309,401
310,401
311,400
313,400
314,399
315,399
316,398
318,398
319,397
321,397
322,396
323,396
324,395
326,395
327,394
329,394
330,393
332,393
333,392
335,392
336,391
338,391
339,390
341,390
342,389
344,389
345,388
347,388
348,387
350,387
351,386
354,386
355,385
357,385
358,384
361,384
362,383
364,383
365,382
368,382
369,381
372,381
373,380
376,380
377,379
380,379
381,378
384,378
385,377
389,377
390,376
393,376
#
395,375
398,375
#
400,374
403,374
404,375
404,376
405,377
405,379
406,380
406,382
407,383
407,385
408,386
408,387
409,388
409,390
410,391
410,392
411,393
411,394
412,395
412,397
413,398
413,399
415,401
415,402
416,403
416,404
417,405
417,406
419,408
419,409
420,410
420,411
422,413
422,414
425,417
425,418
428,421
428,422
434,428
434,429
442,437
443,437
449,443
450,443
453,446
454,446
457,449
458,449
460,451
461,451
463,453
464,453
465,454
466,454
467,455
467,459
466,460
466,465
465,466
465,470
464,471
464,474
463,475
463,477
462,478
462,481
461,482
461,484
460,485
460,487
459,488
459,490
458,491
458,492
457,493
457,495
456,496
456,497
455,498
455,499
454,500
454,501
453,502
453,503
452,504
452,505
450,507
450,508
449,509
449,510
448,511
448,512
446,514
446,515
444,517
444,518
441,521
441,522
438,525
438,526
432,532
426,532
433,532
436,529
436,528
441,523
441,522
444,519
444,518
446,516
446,515
448,513
448,512
449,511
449,510
450,509
450,508
451,507
451,506
453,504
453,503
454,502
454,501
455,500
455,499
456,498
456,496
457,495
457,493
458,492
458,491
459,490
459,488
460,487
460,485
461,484
461,482
462,481
462,478
463,477
463,475
464,474
464,471
465,470
465,466
466,465
466,460
467,459
467,455
465,453
464,453
462,451
461,451
460,450
459,450
456,447
455,447
452,444
451,444
447,440
446,440
432,426
432,425
427,420
427,419
424,416
424,415
422,413
422,412
420,410
420,409
418,407
418,406
417,405
417,404
415,402
415,401
414,400
414,399
413,398
413,397
412,396
412,395
411,394
411,393
410,392
410,391
409,390
409,388
408,387
408,386
407,385
407,383
406,382
406,380
405,379
405,377
404,376
404,374
#
393,370
392,371
388,371
387,372
384,372
387,372
388,371
392,371
393,370
396,370
#
407,365
407,368
408,369
408,371
409,372
409,375
410,376
410,378
411,379
411,381
412,382
412,383
413,384
413,386
414,387
414,388
415,389
415,390
416,391
416,392
417,393
417,395
419,397
419,398
420,399
420,400
421,401
421,402
422,403
422,404
424,406
424,407
426,409
426,410
428,412
428,413
431,416
431,417
435,421
435,422
449,436
450,436
454,440
455,440
458,443
459,443
462,446
463,446
465,448
466,448
468,450
469,450
470,451
471,451
472,452
473,452
475,454
476,454
477,455
479,455
480,456
481,456
482,457
483,457
484,458
485,458
486,459
488,459
489,460
491,460
492,461
493,461
494,462
497,462
498,463
500,463
501,464
504,464
505,465
508,465
509,466
514,466
515,467
521,467
515,467
514,466
509,466
508,465
505,465
504,464
501,464
500,463
498,463
497,462
494,462
493,461
492,461
491,460
489,460
488,459
486,459
485,458
484,458
483,457
482,457
481,456
480,456
479,455
478,455
477,454
476,454
475,453
474,453
473,452
472,452
470,450
469,450
468,449
467,449
465,447
464,447
461,444
460,444
457,441
456,441
453,438
452,438
434,420
434,419
430,415
430,414
427,411
427,410
425,408
425,407
423,405
423,404
422,403
422,402
420,400
420,399
419,398
419,397
418,396
418,395
417,394
417,393
416,392
416,391
415,390
415,389
414,388
414,387
413,386
413,384
412,383
412,382
411,381
411,379
410,378
410,376
409,375
409,372
408,371
408,369
407,368
#
401,362
401,365
402,366
402,367
400,369
398,369
401,369
401,368
402,367
402,366
401,365
#
406,360
406,363
#
673,357
673,361
672,362
672,366
671,367
671,370
670,371
670,373
669,374
669,377
668,378
668,380
667,381
667,382
666,383
666,385
665,386
665,388
664,389
664,390
663,391
663,392
662,393
662,394
661,395
661,396
660,397
660,398
659,399
659,400
658,401
658,402
657,403
657,404
655,406
655,407
654,408
654,409
652,411
652,412
649,415
649,416
646,419
646,420
642,424
642,425
627,440
626,440
621,445
620,445
618,447
617,447
614,450
613,450
611,452
610,452
609,453
608,453
606,455
605,455
604,456
603,456
602,457
601,457
600,458
599,458
598,459
597,459
596,460
595,460
594,461
593,461
592,462
591,462
590,463
588,463
587,464
586,464
585,465
583,465
582,466
580,466
579,467
577,467
576,468
573,468
572,469
570,469
572,469
573,468
576,468
577,467
579,467
580,466
582,466
583,465
585,465
586,464
587,464
588,463
590,463
591,462
592,462
593,461
594,461
595,460
597,460
598,459
599,459
600,458
601,458
602,457
603,457
604,456
605,456
607,454
608,454
609,453
610,453
612,451
613,451
615,449
616,449
618,447
619,447
623,443
624,443
629,438
630,438
640,428
640,427
645,422
645,421
648,418
648,417
651,414
651,413
653,411
653,410
655,408
655,407
656,406
656,405
657,404
657,403
659,401
659,400
660,399
660,398
661,397
661,396
662,395
662,393
663,392
663,391
664,390
664,389
665,388
665,386
666,385
666,383
667,382
667,381
668,380
668,378
669,377
669,374
670,373
670,371
671,370
671,367
672,366
672,362
673,361
#
400,356
400,360
#
674,348
674,355
#
399,347
399,354
#
179,347
179,354
180,355
180,360
181,361
181,365
182,366
182,369
183,370
183,372
184,373
184,376
185,377
185,379
186,380
186,381
187,382
187,384
188,385
188,386
189,387
189,389
190,390
190,391
191,392
191,393
192,394
192,395
193,396
193,397
194,398
194,399
195,400
195,401
197,403
197,404
198,405
198,406
200,408
200,409
202,411
202,412
205,415
205,416
208,419
208,420
226,438
227,438
228,439
231,439
235,435
236,435
239,432
240,432
243,429
244,429
246,427
247,427
249,425
250,425
251,424
252,424
254,422
255,422
256,421
257,421
259,419
260,419
261,418
262,418
263,417
264,417
266,415
267,415
268,414
269,414
270,413
271,413
272,412
273,412
274,411
275,411
276,410
277,410
278,409
279,409
280,408
281,408
282,407
283,407
284,406
285,406
286,405
287,405
288,404
290,404
291,403
292,403
293,402
294,402
295,401
296,401
297,400
299,400
300,399
301,399
302,398
304,398
305,397
306,397
307,396
309,396
310,395
311,395
312,394
314,394
315,393
316,393
317,392
319,392
320,391
322,391
323,390
324,390
325,389
327,389
328,388
330,388
331,387
333,387
334,386
336,386
337,385
339,385
340,384
342,384
343,383
345,383
346,382
349,382
350,381
352,381
353,380
355,380
356,379
359,379
360,378
363,378
364,377
366,377
367,376
370,376
371,375
374,375
375,374
378,374
379,373
382,373
379,373
378,374
375,374
374,375
371,375
370,376
367,376
366,377
364,377
363,378
360,378
359,379
356,379
355,380
353,380
352,381
350,381
349,382
346,382
345,383
343,383
342,384
340,384
339,385
337,385
336,386
334,386
333,387
331,387
330,388
328,388
327,389
325,389
324,390
323,390
322,391
320,391
319,392
317,392
316,393
315,393
314,394
312,394
311,395
310,395
309,396
307,396
306,397
305,397
304,398
302,398
301,399
300,399
299,400
297,400
296,401
295,401
294,402
293,402
292,403
291,403
290,404
288,404
287,405
286,405
285,406
284,406
283,407
282,407
281,408
280,408
279,409
278,409
277,410
275,410
273,412
272,412
271,413
270,413
269,414
268,414
267,415
266,415
265,416
264,416
263,417
262,417
261,418
260,418
258,420
257,420
256,421
255,421
253,423
252,423
251,424
250,424
248,426
247,426
245,428
244,428
242,430
241,430
238,433
237,433
234,436
233,436
230,439
228,439
221,432
220,432
214,426
214,425
207,418
207,417
204,414
204,413
201,410
201,409
199,407
199,406
198,405
198,404
196,402
196,401
195,400
195,399
194,398
194,397
192,395
192,394
191,393
191,392
190,391
190,390
189,389
189,387
188,386
188,385
187,384
187,382
186,381
186,380
185,379
185,377
184,376
184,373
183,372
183,370
182,369
182,366
181,365
181,361
180,360
180,355
179,354
#
669,344
669,353
668,354
668,359
667,360
667,364
666,365
666,368
665,369
665,372
664,373
664,375
663,376
663,378
662,379
662,381
661,382
661,384
660,385
660,386
659,387
659,388
658,389
658,390
657,391
657,392
656,393
656,394
655,395
655,396
654,397
654,398
653,399
653,400
651,402
651,403
650,404
650,405
648,407
648,408
646,410
646,411
644,413
644,414
640,418
640,419
621,438
620,438
616,442
615,442
613,444
612,444
610,446
609,446
607,448
606,448
604,450
603,450
602,451
601,451
600,452
599,452
598,453
597,453
596,454
595,454
593,456
592,456
591,457
589,457
588,458
587,458
586,459
584,459
583,460
582,460
583,460
584,459
586,459
587,458
588,458
589,457
591,457
592,456
593,456
594,455
595,455
596,454
597,454
598,453
599,453
600,452
601,452
603,450
604,450
605,449
606,449
608,447
609,447
610,446
611,446
614,443
615,443
617,441
618,441
622,437
623,437
638,422
638,421
642,417
642,416
645,413
645,412
647,410
647,409
649,407
649,406
651,404
651,403
652,402
652,401
654,399
654,398
655,397
655,396
656,395
656,394
657,393
657,392
658,391
658,389
659,388
659,387
660,386
660,385
661,384
661,382
662,381
662,379
663,378
663,376
664,375
664,373
665,372
665,369
666,368
666,365
667,364
667,360
668,359
668,354
669,353
#
404,343
404,352
405,353
405,358
405,353
404,352
#
532,342
532,345
531,346
531,347
527,351
526,351
525,352
523,352
525,352
526,351
527,351
528,350
529,350
530,349
530,348
531,347
531,346
532,345
#
403,334
403,336
#
267,330
266,331
265,331
262,334
262,336
261,337
261,343
262,344
262,346
265,349
267,349
268,350
275,350
276,349
278,349
281,346
281,344
282,343
282,337
281,336
281,334
278,331
277,331
276,330
274,330
276,330
281,335
281,336
282,337
282,343
281,344
281,345
277,349
276,349
275,350
268,350
267,349
266,349
262,345
262,344
261,343
261,337
262,336
262,335
267,330
269,330
#
670,329
670,342
#
517,329
516,330
514,330
510,334
510,336
509,337
509,345
510,346
510,347
514,351
515,351
516,352
518,352
516,352
515,351
514,351
511,348
511,347
509,345
509,337
510,336
510,335
515,330
516,330
517,329
524,329
525,330
526,330
531,335
531,336
532,337
532,339
532,337
531,336
531,334
527,330
525,330
524,329
#
271,329
272,329
#
178,326
178,344
#
398,325
398,345
#
675,324
675,346
#
404,319
404,328
#
669,318
669,327
#
179,317
179,324
#
399,316
399,323
#
181,306
181,309
180,310
180,315
180,310
181,309
#
672,305
672,308
673,309
673,314
674,315
674,322
674,315
673,314
673,309
672,308
#
182,302
182,304
#
671,301
671,303
#
588,216
591,219
592,219
609,236
609,237
613,241
613,242
615,244
615,245
618,248
618,249
620,251
620,252
621,253
621,254
623,256
623,257
624,258
624,259
625,260
625,261
626,262
626,263
627,264
627,265
628,266
628,267
629,268
629,269
630,270
630,272
631,273
631,275
632,276
632,277
633,278
633,281
634,282
634,284
635,285
635,288
636,289
636,293
637,294
637,300
638,301
638,328
637,329
637,336
636,337
636,342
635,343
635,347
634,348
634,351
633,352
633,355
632,356
632,359
631,360
631,362
630,363
630,366
629,367
629,368
628,369
628,371
627,372
627,374
626,375
626,376
625,377
625,379
623,381
623,383
622,384
622,385
621,386
621,387
619,389
619,390
618,391
618,392
617,393
617,394
615,396
615,397
614,398
614,399
612,401
612,402
609,405
609,406
607,408
607,409
602,414
602,415
591,426
590,426
585,431
584,431
581,434
580,434
578,436
577,436
575,438
574,438
573,439
572,439
571,440
570,440
568,442
567,442
566,443
564,443
562,445
560,445
559,446
558,446
557,447
555,447
554,448
552,448
551,449
548,449
547,450
544,450
543,451
539,451
538,452
532,452
531,453
510,453
509,452
502,452
501,451
497,451
496,450
492,450
491,449
488,449
487,448
484,448
483,447
481,447
480,446
477,446
476,445
474,445
473,444
471,444
470,443
468,443
467,442
465,442
464,441
463,441
462,440
460,440
459,439
458,439
457,438
456,438
457,438
458,439
459,439
460,440
462,440
463,441
464,441
465,442
467,442
468,443
470,443
471,444
473,444
474,445
476,445
477,446
480,446
481,447
483,447
484,448
487,448
488,449
491,449
492,450
496,450
497,451
501,451
502,452
509,452
510,453
531,453
532,452
538,452
539,451
543,451
544,450
547,450
548,449
551,449
552,448
554,448
555,447
557,447
558,446
559,446
560,445
562,445
563,444
564,444
565,443
566,443
567,442
568,442
569,441
570,441
571,440
572,440
573,439
574,439
576,437
577,437
578,436
579,436
581,434
582,434
585,431
586,431
591,426
592,426
601,417
601,416
606,411
606,410
609,407
609,406
612,403
612,402
614,400
614,399
615,398
615,397
617,395
617,394
618,393
618,392
619,391
619,390
620,389
620,388
621,387
621,386
622,385
622,384
623,383
623,382
624,381
624,380
625,379
625,377
626,376
626,375
627,374
627,372
628,371
628,369
629,368
629,367
630,366
630,363
631,362
631,360
632,359
632,356
633,355
633,352
634,351
634,348
635,347
635,343
636,342
636,337
637,336
637,329
638,328
638,301
637,300
637,294
636,293
636,289
635,288
635,285
634,284
634,282
633,281
633,278
632,277
632,276
631,275
631,273
630,272
630,270
629,269
629,268
628,267
628,265
626,263
626,261
625,260
625,259
624,258
624,257
622,255
622,254
621,253
621,252
619,250
619,249
618,248
618,247
615,244
615,243
612,240
612,239
608,235
608,234
593,219
592,219
589,216
#
361,215
362,216
363,216
380,233
380,234
384,238
384,239
386,241
386,242
388,244
388,245
390,247
390,248
391,249
391,250
393,252
393,253
394,254
394,255
395,256
395,257
396,258
396,259
397,260
397,261
398,262
398,263
399,264
399,265
400,266
400,268
401,269
401,270
402,271
402,273
403,274
403,276
404,277
404,280
405,281
405,283
405,281
404,280
404,277
403,276
403,274
402,273
402,271
401,270
401,269
400,268
400,266
399,265
399,264
398,263
398,262
397,261
397,260
396,259
396,257
395,256
395,255
394,254
394,253
393,252
393,251
391,249
391,248
390,247
390,246
388,244
388,243
386,241
386,240
383,237
383,236
380,233
380,232
365,217
364,217
363,216
362,216
#
571,207
573,207
574,208
577,208
578,209
579,209
580,210
582,210
583,211
585,211
586,212
587,212
588,213
590,213
591,214
592,214
593,215
594,215
595,216
596,216
597,217
598,217
599,218
600,218
602,220
603,220
604,221
605,221
607,223
608,223
610,225
611,225
613,227
614,227
617,230
618,230
622,234
623,234
638,249
638,250
642,254
642,255
645,258
645,259
648,262
648,263
649,264
649,265
651,267
651,268
652,269
652,270
654,272
654,273
655,274
655,275
656,276
656,277
657,278
657,279
658,280
658,281
659,282
659,283
660,284
660,286
661,287
661,288
662,289
662,291
663,292
663,294
664,295
664,298
665,299
665,301
666,302
666,305
667,306
667,310
668,311
668,316
668,311
667,310
667,306
666,305
666,302
665,301
665,299
664,298
664,295
663,294
663,292
662,291
662,289
661,288
661,287
660,286
660,284
659,283
659,282
658,281
658,280
657,279
657,278
656,277
656,276
655,275
655,274
654,273
654,272
653,271
653,270
652,269
652,268
650,266
650,265
649,264
649,263
647,261
647,260
644,257
644,256
641,253
641,252
636,247
636,246
626,236
625,236
620,231
619,231
616,228
615,228
612,225
611,225
609,223
608,223
607,222
606,222
604,220
603,220
602,219
601,219
600,218
599,218
598,217
597,217
596,216
595,216
594,215
593,215
592,214
591,214
590,213
588,213
587,212
586,212
585,211
583,211
582,210
580,210
579,209
578,209
577,208
574,208
573,207
#
500,207
499,208
497,208
496,209
494,209
493,210
491,210
490,211
488,211
487,212
486,212
485,213
483,213
482,214
481,214
480,215
479,215
478,216
477,216
476,217
475,217
474,218
473,218
472,219
471,219
470,220
469,220
467,222
466,222
464,224
463,224
461,226
460,226
458,228
457,228
454,231
453,231
447,237
446,237
438,245
438,246
432,252
432,253
429,256
429,257
427,259
427,260
425,262
425,263
423,265
423,266
421,268
421,269
420,270
420,271
419,272
419,273
418,274
418,275
417,276
417,277
416,278
416,279
415,280
415,281
414,282
414,284
413,285
413,286
412,287
412,289
411,290
411,292
410,293
410,295
409,296
409,298
408,299
408,302
407,303
407,306
406,307
406,311
405,312
405,317
405,312
406,311
406,307
407,306
407,303
408,302
408,299
409,298
409,296
410,295
410,293
411,292
411,290
412,289
412,287
413,286
413,285
414,284
414,282
415,281
415,280
416,279
416,278
417,277
417,276
418,275
418,274
420,272
420,271
421,270
421,269
422,268
422,267
424,265
424,264
426,262
426,261
428,259
428,258
431,255
431,254
435,250
435,249
450,234
451,234
455,230
456,230
459,227
460,227
462,225
463,225
465,223
466,223
468,221
469,221
470,220
471,220
472,219
473,219
475,217
476,217
477,216
478,216
479,215
480,215
481,214
482,214
483,213
485,213
486,212
487,212
488,211
490,211
491,210
493,210
494,209
496,209
497,208
499,208
500,207
502,207
#
278,206
277,207
275,207
274,208
271,208
270,209
268,209
267,210
265,210
264,211
263,211
262,212
260,212
259,213
258,213
257,214
256,214
255,215
254,215
253,216
252,216
251,217
250,217
249,218
248,218
247,219
246,219
245,220
244,220
243,221
242,221
240,223
239,223
237,225
236,225
234,227
233,227
230,230
229,230
225,234
224,234
210,248
210,249
206,253
206,254
203,257
203,258
201,260
201,261
199,263
199,264
197,266
197,267
196,268
196,269
194,271
194,272
193,273
193,274
192,275
192,276
191,277
191,278
190,279
190,281
189,282
189,283
188,284
188,285
187,286
187,288
186,289
186,291
185,292
185,294
184,295
184,297
183,298
183,300
183,298
184,297
184,295
185,294
185,292
186,291
186,289
187,288
187,286
188,285
188,284
189,283
189,282
190,281
190,279
191,278
191,277
193,275
193,274
194,273
194,272
195,271
195,270
197,268
197,267
198,266
198,265
200,263
200,262
202,260
202,259
205,256
205,255
208,252
208,251
226,233
227,233
231,229
232,229
235,226
236,226
238,224
239,224
241,222
242,222
243,221
244,221
245,220
246,220
248,218
249,218
250,217
251,217
252,216
253,216
254,215
255,215
256,214
257,214
258,213
259,213
260,212
262,212
263,211
264,211
265,210
267,210
268,209
270,209
271,208
274,208
275,207
277,207
278,206
281,206
#
562,205
565,205
566,206
569,206
566,206
565,205
#
283,205
286,205
#
330,204
335,204
336,205
340,205
341,206
344,206
345,207
348,207
349,208
351,208
352,209
354,209
355,210
357,210
358,211
360,211
361,212
362,212
363,213
365,213
366,214
367,214
369,216
370,216
371,217
372,217
373,218
374,218
375,219
376,219
377,220
378,220
380,222
381,222
382,223
383,223
385,225
386,225
389,228
390,228
393,231
394,231
399,236
400,236
411,247
411,248
416,253
416,254
419,257
419,258
420,259
420,260
419,261
419,262
418,263
418,264
416,266
416,267
415,268
415,269
414,270
414,271
413,272
413,273
412,274
412,275
411,276
411,277
410,278
410,280
409,281
409,282
408,283
408,284
407,285
407,287
406,288
406,290
405,291
405,293
404,294
404,296
403,297
403,300
402,301
402,304
401,305
401,309
400,310
400,314
400,310
401,309
401,305
402,304
402,301
403,300
403,297
404,296
404,294
405,293
405,291
406,290
406,288
407,287
407,285
408,284
408,283
409,282
409,281
410,280
410,278
411,277
411,276
412,275
412,274
413,273
413,272
414,271
414,270
416,268
416,267
417,266
417,265
419,263
419,262
420,261
420,258
418,256
418,255
415,252
415,251
408,244
408,243
404,239
403,239
396,232
395,232
392,229
391,229
388,226
387,226
385,224
384,224
382,222
381,222
380,221
379,221
377,219
376,219
375,218
374,218
373,217
372,217
371,216
370,216
369,215
368,215
367,214
366,214
365,213
363,213
362,212
361,212
360,211
358,211
357,210
355,210
354,209
352,209
351,208
349,208
348,207
345,207
344,206
341,206
340,205
336,205
335,204
#
288,204
292,204
#
545,203
554,203
555,204
560,204
555,204
554,203
#
519,203
518,204
513,204
512,205
508,205
507,206
504,206
507,206
508,205
512,205
513,204
518,204
519,203
528,203
#
320,203
328,203
#
294,203
302,203
#
532,202
542,202
#
306,202
316,202
#
564,200
567,200
568,201
571,201
572,202
575,202
576,203
578,203
579,204
581,204
582,205
584,205
585,206
587,206
588,207
589,207
590,208
591,208
592,209
594,209
595,210
596,210
597,211
598,211
599,212
600,212
601,213
602,213
604,215
605,215
606,216
607,216
608,217
609,217
611,219
612,219
614,221
615,221
618,224
619,224
622,227
623,227
628,232
629,232
640,243
640,244
645,249
645,250
648,253
648,254
651,257
651,258
653,260
653,261
655,263
655,264
656,265
656,266
658,268
658,269
659,270
659,271
660,272
660,273
661,274
661,275
662,276
662,277
663,278
663,279
664,280
664,282
665,283
665,284
666,285
666,287
667,288
667,290
668,291
668,293
669,294
669,296
670,297
670,299
670,297
669,296
669,294
668,293
668,291
667,290
667,288
666,287
666,285
665,284
665,283
664,282
664,280
663,279
663,278
662,277
662,276
661,275
661,274
660,273
660,272
659,271
659,270
658,269
658,268
657,267
657,266
656,265
656,264
654,262
654,261
652,259
652,258
650,256
650,255
648,253
648,252
644,248
644,247
636,239
636,238
634,236
633,236
625,228
624,228
621,225
620,225
617,222
616,222
614,220
613,220
611,218
610,218
608,216
607,216
606,215
605,215
604,214
603,214
602,213
601,213
600,212
599,212
598,211
597,211
596,210
595,210
594,209
592,209
591,208
590,208
589,207
588,207
587,206
585,206
584,205
582,205
581,204
579,204
578,203
576,203
575,202
572,202
571,201
568,201
567,200
#
558,199
562,199
#
550,198
556,198
#
517,198
524,198
#
324,198
331,198
332,199
337,199
338,200
342,200
343,201
346,201
347,202
350,202
351,203
353,203
354,204
356,204
357,205
359,205
360,206
361,206
362,207
364,207
365,208
366,208
367,209
368,209
369,210
370,210
371,211
372,211
373,212
374,212
375,213
376,213
377,214
378,214
379,215
380,215
381,216
382,216
384,218
385,218
387,220
388,220
390,222
391,222
394,225
395,225
398,228
399,228
419,248
419,249
422,252
422,253
423,254
425,254
425,253
428,250
428,249
434,243
434,242
443,233
444,233
450,227
451,227
454,224
455,224
458,221
459,221
461,219
462,219
463,218
464,218
466,216
467,216
468,215
469,215
470,214
471,214
473,212
474,212
475,211
476,211
477,210
478,210
479,209
481,209
482,208
483,208
484,207
485,207
486,206
488,206
489,205
491,205
492,204
494,204
495,203
497,203
498,202
501,202
502,201
505,201
506,200
510,200
511,199
515,199
511,199
510,200
506,200
505,201
502,201
501,202
498,202
497,203
495,203
494,204
492,204
491,205
489,205
488,206
486,206
485,207
484,207
483,208
482,208
481,209
479,209
478,210
477,210
476,211
475,211
474,212
473,212
472,213
471,213
470,214
469,214
468,215
467,215
465,217
464,217
463,218
462,218
460,220
459,220
457,222
456,222
453,225
452,225
448,229
447,229
430,246
430,247
426,251
426,252
424,254
421,251
421,250
417,246
417,245
402,230
401,230
397,226
396,226
393,223
392,223
390,221
389,221
387,219
386,219
384,217
383,217
382,216
381,216
379,214
378,214
377,213
376,213
375,212
374,212
373,211
372,211
371,210
369,210
368,209
367,209
366,208
365,208
364,207
362,207
361,206
360,206
359,205
357,205
356,204
354,204
353,203
351,203
350,202
347,202
346,201
343,201
342,200
338,200
337,199
332,199
331,198
#
526,197
548,197
#
300,197
322,197
#
472,87
471,88
469,88
468,89
466,89
465,90
464,90
463,91
461,91
460,92
458,92
457,93
456,93
455,94
453,94
452,95
451,95
450,96
449,96
448,97
446,97
445,98
444,98
443,99
442,99
441,100
440,100
439,101
437,101
436,102
435,102
434,103
433,103
432,104
431,104
430,105
429,105
428,106
427,106
425,108
424,108
423,109
422,109
421,110
420,110
419,111
418,111
416,113
415,113
414,114
413,114
412,115
411,115
409,117
408,117
406,119
405,119
403,121
402,121
400,123
399,123
397,125
396,125
394,127
393,127
391,129
390,129
387,132
386,132
383,135
382,135
378,139
377,139
372,144
371,144
365,150
364,150
336,178
336,179
330,185
330,186
325,191
325,192
322,195
323,195
325,193
325,192
329,188
329,187
336,180
336,179
365,150
366,150
373,143
374,143
378,139
379,139
383,135
384,135
387,132
388,132
391,129
392,129
394,127
395,127
398,124
399,124
401,122
402,122
404,120
405,120
406,119
407,119
409,117
410,117
412,115
413,115
414,114
415,114
416,113
417,113
419,111
420,111
421,110
422,110
423,109
424,109
426,107
427,107
428,106
429,106
430,105
431,105
432,104
433,104
434,103
435,103
436,102
437,102
438,101
439,101
440,100
441,100
442,99
444,99
446,97
448,97
449,96
450,96
451,95
452,95
453,94
455,94
456,93
457,93
458,92
460,92
461,91
463,91
464,90
465,90
466,89
468,89
469,88
471,88
472,87
474,87
#
465,85
464,86
458,86
457,87
452,87
451,88
447,88
446,89
443,89
442,90
439,90
438,91
435,91
434,92
431,92
430,93
428,93
427,94
425,94
424,95
422,95
421,96
419,96
418,97
416,97
415,98
414,98
413,99
411,99
410,100
409,100
408,101
406,101
405,102
404,102
403,103
402,103
401,104
399,104
398,105
397,105
396,106
395,106
394,107
393,107
392,108
391,108
390,109
389,109
388,110
387,110
386,111
385,111
383,113
382,113
381,114
380,114
379,115
378,115
376,117
375,117
374,118
373,118
371,120
370,120
369,121
368,121
366,123
365,123
363,125
362,125
359,128
358,128
356,130
355,130
352,133
351,133
348,136
347,136
343,140
342,140
337,145
336,145
327,154
326,154
312,168
312,169
303,178
303,179
297,185
297,186
293,190
293,191
289,195
289,196
287,198
287,199
290,199
291,198
298,198
291,198
290,199
288,199
287,198
292,193
292,192
296,188
296,187
301,182
301,181
309,173
309,172
330,151
331,151
338,144
339,144
344,139
345,139
349,135
350,135
353,132
354,132
357,129
358,129
360,127
361,127
363,125
364,125
366,123
367,123
369,121
370,121
372,119
373,119
374,118
375,118
377,116
378,116
379,115
380,115
382,113
383,113
384,112
385,112
386,111
387,111
388,110
389,110
390,109
391,109
392,108
393,108
394,107
395,107
396,106
397,106
399,104
401,104
402,103
403,103
404,102
405,102
406,101
408,101
409,100
410,100
411,99
413,99
414,98
415,98
416,97
418,97
419,96
421,96
422,95
424,95
425,94
427,94
428,93
430,93
431,92
434,92
435,91
438,91
439,90
442,90
443,89
446,89
447,88
451,88
452,87
457,87
458,86
464,86
465,85
473,85
#
475,84
480,84
#
549,66
551,66
552,67
553,67
554,68
556,68
557,69
559,69
560,70
562,70
563,71
564,71
565,72
567,72
568,73
569,73
570,74
572,74
573,75
574,75
575,76
576,76
577,77
578,77
579,78
581,78
583,80
585,80
586,81
587,81
588,82
589,82
590,83
591,83
593,85
594,85
595,86
596,86
597,87
598,87
599,88
600,88
601,89
602,89
604,91
605,91
606,92
607,92
609,94
610,94
611,95
612,95
614,97
615,97
617,99
618,99
620,101
621,101
623,103
624,103
626,105
627,105
630,108
631,108
633,110
634,110
638,114
639,114
643,118
644,118
649,123
650,123
661,134
662,134
671,143
671,144
682,155
682,156
687,161
687,162
692,167
692,168
695,171
695,172
698,175
698,176
701,179
701,180
704,183
704,184
706,186
706,187
708,189
708,190
710,192
710,193
712,195
712,196
714,198
714,199
716,201
716,202
717,203
717,204
719,206
719,207
720,208
720,209
722,211
722,212
723,213
723,214
725,216
725,217
726,218
726,219
727,220
727,221
728,222
728,223
730,225
730,226
731,227
731,228
732,229
732,230
733,231
733,232
734,233
734,234
735,235
735,236
736,237
736,238
737,239
737,240
738,241
738,242
739,243
739,244
740,245
740,246
741,247
741,248
742,249
742,250
743,251
743,252
744,253
744,255
745,256
745,257
746,258
746,259
747,260
747,261
748,262
748,264
749,265
749,266
750,267
750,269
751,270
751,271
752,272
752,274
753,275
753,276
754,277
754,279
755,280
755,281
756,282
756,284
757,285
757,287
758,288
758,290
759,291
759,292
760,293
760,295
761,296
761,298
762,299
762,301
763,302
763,304
764,305
764,307
765,308
765,310
766,311
766,314
767,315
767,317
768,318
768,320
769,321
769,324
770,325
770,327
771,328
771,331
772,332
772,334
773,335
773,337
774,338
774,339
777,342
777,343
779,345
779,346
781,348
781,349
783,351
783,352
786,355
786,356
788,358
788,359
790,361
790,362
792,364
792,365
794,367
794,368
795,369
795,370
797,372
797,373
799,375
799,376
801,378
801,379
803,381
803,382
804,383
804,384
806,386
806,387
808,389
808,390
809,391
809,392
811,394
811,395
812,396
812,397
814,399
814,400
816,402
816,403
817,404
817,405
819,407
819,408
820,409
820,410
822,412
822,413
823,414
823,415
825,417
825,418
826,419
826,420
827,421
827,422
829,424
829,425
830,426
830,427
832,429
832,430
833,431
833,432
834,433
834,434
836,436
836,437
837,438
837,439
838,440
838,441
840,443
840,444
841,445
841,446
842,447
842,448
844,450
844,451
845,452
845,453
846,454
846,455
848,457
848,458
849,459
849,460
850,461
850,462
851,463
851,464
852,465
852,466
854,468
854,469
855,470
855,471
856,472
856,473
857,474
857,475
859,477
859,478
860,479
860,480
861,481
861,482
862,483
862,484
863,485
863,486
865,488
865,489
866,490
866,491
867,492
867,493
868,494
868,495
869,496
869,497
870,498
870,499
871,500
871,501
873,503
873,504
874,505
874,506
875,507
875,509
876,510
876,511
877,512
877,513
878,514
878,516
879,517
879,518
880,519
880,520
881,521
881,523
882,524
882,525
883,526
883,528
884,529
884,530
885,531
885,533
886,534
886,536
887,537
887,539
888,540
888,542
889,543
889,546
890,547
890,549
891,550
891,553
892,554
892,557
893,558
893,561
894,562
894,565
895,566
895,570
896,571
896,575
897,576
897,580
898,581
898,586
898,581
897,580
897,576
896,575
896,571
895,570
895,566
894,565
894,562
893,561
893,558
892,557
892,554
891,553
891,550
890,549
890,547
889,546
889,543
888,542
888,540
887,539
887,537
886,536
886,534
885,533
885,531
884,530
884,529
883,528
883,526
882,525
882,524
881,523
881,521
880,520
880,519
879,518
879,516
878,515
878,514
877,513
877,512
876,511
876,510
875,509
875,507
874,506
874,505
873,504
873,503
872,502
872,501
871,500
871,499
870,498
870,497
869,496
869,495
868,494
868,493
866,491
866,490
865,489
865,488
864,487
864,486
863,485
863,484
862,483
862,482
860,480
860,479
859,478
859,477
858,476
858,475
857,474
857,473
856,472
856,471
854,469
854,468
853,467
853,466
852,465
852,464
851,463
851,462
850,461
850,460
848,458
848,457
847,456
847,455
846,454
846,453
844,451
844,450
843,449
843,448
842,447
842,446
841,445
841,444
839,442
839,441
838,440
838,439
837,438
837,437
835,435
835,434
834,433
834,432
833,431
833,430
831,428
831,427
830,426
830,425
828,423
828,422
827,421
827,420
826,419
826,418
824,416
824,415
823,414
823,413
821,411
821,410
820,409
820,408
818,406
818,405
817,404
817,403
815,401
815,400
814,399
814,398
812,396
812,395
810,393
810,392
809,391
809,390
807,388
807,387
805,385
805,384
804,383
804,382
802,380
802,379
800,377
800,376
798,374
798,373
797,372
797,371
795,369
795,368
793,366
793,365
791,363
791,362
789,360
789,359
787,357
787,356
785,354
785,353
783,351
783,350
781,348
781,347
778,344
778,343
776,341
776,340
774,338
774,337
773,336
773,335
772,334
772,332
771,331
771,328
770,327
770,325
769,324
769,321
768,320
768,318
767,317
767,315
766,314
766,311
765,310
765,308
764,307
764,305
763,304
763,302
762,301
762,299
761,298
761,296
760,295
760,293
759,292
759,291
758,290
758,288
757,287
757,285
756,284
756,282
755,281
755,280
754,279
754,277
753,276
753,275
752,274
752,272
751,271
751,270
750,269
750,267
749,266
749,265
748,264
748,262
747,261
747,260
746,259
746,258
745,257
745,256
744,255
744,253
743,252
743,251
742,250
742,249
741,248
741,247
740,246
740,245
739,244
739,243
738,242
738,240
737,239
737,238
736,237
736,236
735,235
735,234
734,233
734,232
733,231
733,230
731,228
731,227
730,226
730,225
729,224
729,223
728,222
728,221
727,220
727,219
725,217
725,216
724,215
724,214
723,213
723,212
721,210
721,209
720,208
720,207
718,205
718,204
717,203
717,202
715,200
715,199
713,197
713,196
712,195
712,194
710,192
710,191
708,189
708,188
705,185
705,184
703,182
703,181
700,178
700,177
697,174
697,173
694,170
694,169
691,166
691,165
686,160
686,159
680,153
680,152
653,125
652,125
646,119
645,119
641,115
640,115
636,111
635,111
632,108
631,108
629,106
628,106
625,103
624,103
622,101
621,101
619,99
618,99
617,98
616,98
614,96
613,96
611,94
610,94
609,93
608,93
606,91
605,91
604,90
603,90
602,89
601,89
599,87
598,87
597,86
596,86
595,85
594,85
593,84
592,84
591,83
590,83
589,82
588,82
587,81
586,81
585,80
584,80
583,79
582,79
581,78
579,78
578,77
577,77
576,76
575,76
574,75
573,75
572,74
570,74
569,73
568,73
567,72
565,72
564,71
563,71
562,70
560,70
559,69
557,69
556,68
554,68
553,67
552,67
551,66
#
432,65
436,65
437,66
441,66
442,67
445,67
446,68
448,68
449,69
452,69
453,70
455,70
456,71
457,71
458,72
460,72
461,73
462,73
463,74
464,74
465,75
466,75
467,76
468,76
469,77
470,77
471,78
472,78
473,79
474,79
475,80
476,80
478,82
480,82
479,82
478,81
477,81
475,79
474,79
473,78
472,78
471,77
470,77
469,76
468,76
467,75
465,75
464,74
463,74
462,73
461,73
460,72
458,72
457,71
456,71
455,70
453,70
452,69
449,69
448,68
446,68
445,67
442,67
441,66
437,66
436,65
#
371,64
#
412,63
423,63
424,64
430,64
424,64
423,63
#
389,62
410,62
#
528,60
530,60
531,61
534,61
535,62
538,62
539,63
541,63
542,64
544,64
545,65
547,65
545,65
544,64
542,64
541,63
539,63
538,62
535,62
534,61
531,61
530,60
#
392,56
391,57
388,57
387,58
385,58
384,59
382,59
381,60
379,60
378,61
376,61
375,62
374,62
375,62
376,63
387,63
376,63
375,62
376,61
378,61
379,60
381,60
382,59
384,59
385,58
387,58
388,57
391,57
392,56
394,56
#
504,55
508,55
509,56
513,56
514,57
518,57
519,58
522,58
523,59
526,59
523,59
522,58
519,58
518,57
514,57
513,56
509,56
508,55
#
396,55
398,55
#
482,52
489,52
490,53
496,53
497,54
502,54
497,54
496,53
490,53
489,52
#
409,52
408,53
404,53
403,54
400,54
403,54
404,53
408,53
409,52
413,52
#
471,51
480,51
#
453,50
468,50
#
422,50
421,51
415,51
421,51
422,50
432,50
#
437,49
445,49
